30 1230
20141028 19 101 22 84
20141028 27 101 7 100
20141028 11 108 14 90
20141029 4 108 17 106
20141029 12 103 23 91
20141029 2 121 3 105
20141029 16 107 30 95
20141029 28 109 1 102
20141029 15 105 18 101
20141029 5 104 20 80
20141029 8 89 9 79
20141029 11 104 29 93
20141029 24 119 14 99
20141029 10 95 26 77
20141029 25 106 21 89
20141030 30 105 22 98
20141030 20 95 6 90
20141030 18 97 9 91
20141030 7 120 29 102
20141030 13 93 21 90
20141031 15 97 12 89
20141031 6 114 5 108
20141031 17 93 23 81
20141031 24 94 27 89
20141031 26 103 25 94
20141031 13 118 14 111
20141101 15 71 4 69
20141101 7 109 19 104
20141101 28 108 22 95
20141101 16 114 23 96
20141101 30 108 17 97
20141101 1 102 12 92
20141101 3 102 9 90
20141101 11 104 2 90
20141101 5 106 18 105
20141101 21 102 8 91
20141101 29 118 24 91
20141101 10 127 14 104
20141102 26 98 13 92
20141102 16 107 28 102
20141102 20 96 4 93
20141102 10 95 25 90
20141103 11 104 23 93
20141103 3 116 21 85
20141103 15 93 19 81
20141103 7 118 2 113
20141103 26 110 8 105
20141103 13 107 29 101
20141104 17 87 12 81
20141104 11 108 16 91
20141104 30 98 20 83
20141104 28 100 21 88
20141104 5 98 22 90
20141104 19 100 4 91
20141104 25 101 6 82
20141104 24 112 14 106
20141105 4 96 16 89
20141105 22 91 23 89
20141105 28 110 2 107
20141105 18 98 3 91
20141105 9 98 20 95
20141105 5 95 17 86
20141105 30 96 12 94
20141105 27 94 1 92
20141105 15 102 24 91
20141105 29 102 6 100
20141105 26 131 8 109
20141105 10 121 13 104
20141106 11 98 27 81
20141106 25 108 7 87
20141107 4 122 1 119
20141107 22 112 18 103
20141107 5 118 23 115
20141107 2 101 12 98
20141107 3 110 20 99
20141107 9 98 17 95
20141107 28 103 30 84
20141107 15 91 21 89
20141107 26 114 24 112
20141107 7 105 29 82
20141107 6 110 8 101
20141108 13 106 25 102
20141108 30 97 12 90
20141108 1 103 20 96
20141108 16 102 18 92
20141108 2 106 5 101
20141108 10 98 11 87
20141108 17 93 15 92
20141108 19 100 27 99
20141109 3 104 22 96
20141109 29 97 9 96
20141109 21 101 26 93
20141109 28 120 23 88
20141109 16 105 7 96
20141109 24 107 10 109
20141109 25 116 8 100
20141109 14 107 4 92
20141110 6 118 19 111
20141110 12 97 29 86
20141110 1 91 20 85
20141110 5 102 9 91
20141110 27 89 13 85
20141111 28 104 22 100
20141111 15 107 14 102
20141111 17 85 21 78
20141111 7 106 26 98
20141111 25 102 4 100
20141111 27 113 10 120
20141112 30 107 9 103
20141112 1 100 29 97
20141112 21 109 2 94
20141112 12 81 16 75
20141112 22 97 20 95
20141112 19 109 14 102
20141112 25 130 8 113
20141112 24 112 3 104
20141112 11 113 18 101
20141113 15 111 26 110
20141113 5 100 28 93
20141113 7 123 23 70
20141113 10 107 3 99
20141114 8 108 12 87
20141114 22 101 17 85
20141114 1 114 16 103
20141114 6 122 2 121
20141114 29 102 20 100
20141114 11 88 23 87
20141114 19 139 18 91
20141114 9 96 21 89
20141114 4 103 24 95
20141114 27 93 14 80
20141115 30 98 22 93
20141115 6 127 1 94
20141115 28 111 29 93
20141115 12 99 5 90
20141115 15 95 9 88
20141115 7 131 18 117
20141115 25 97 3 87
20141115 26 94 27 91
20141115 10 112 4 87
20141115 13 120 24 107
20141116 20 109 8 93
20141116 17 91 16 84
20141116 11 69 21 65
20141116 10 136 14 115
20141117 7 107 4 80
20141117 8 106 6 97
20141117 24 118 2 114
20141117 16 95 3 83
20141117 22 107 9 93
20141117 15 119 11 93
20141117 27 100 23 75
20141117 25 102 19 93
20141117 5 105 13 89
20141118 14 114 1 109
20141118 17 117 20 113
20141118 29 98 21 81
20141118 19 106 26 100
20141119 27 92 6 90
20141119 12 88 4 86
20141119 13 114 22 90
20141119 2 101 23 90
20141119 7 105 30 102
20141119 17 122 3 118
20141119 24 88 9 86
20141119 28 96 15 92
20141119 18 115 20 99
20141119 8 107 21 100
20141119 14 98 11 92
20141120 13 110 16 93
20141120 26 103 5 88
20141121 22 105 4 100
20141121 24 122 23 96
20141121 1 99 9 89
20141121 28 124 17 82
20141121 15 117 2 100
20141121 27 121 18 92
20141121 3 94 21 92
20141121 30 91 6 78
20141121 7 140 14 106
20141121 8 117 19 97
20141121 10 101 29 88
20141121 25 105 5 87
20141122 24 106 12 83
20141122 16 99 22 92
20141122 28 110 6 93
20141122 20 91 23 83
20141122 11 95 7 92
20141122 26 113 18 101
20141122 30 111 17 100
20141122 27 99 3 87
20141122 19 106 29 94
20141123 25 94 2 88
20141123 15 107 13 91
20141123 16 94 4 93
20141123 10 91 21 86
20141123 8 101 14 94
20141124 13 113 4 92
20141124 6 106 22 74
20141124 25 114 23 104
20141124 28 104 24 100
20141124 11 91 20 86
20141124 12 111 7 100
20141124 5 97 29 95
20141125 10 114 16 97
20141125 26 99 19 89
20141125 1 106 30 102
20141125 17 98 9 86
20141125 8 114 5 109
20141126 25 105 4 97
20141126 6 113 30 87
20141126 10 111 22 96
20141126 3 99 23 91
20141126 28 126 1 115
20141126 7 109 20 102
20141126 13 104 9 98
20141126 11 102 26 89
20141126 17 103 18 86
20141126 21 97 29 82
20141126 27 106 12 100
20141126 24 120 8 112
20141126 15 99 14 93
20141128 5 109 2 102
20141128 10 106 4 101
20141128 17 104 9 88
20141128 7 106 28 102
20141128 1 100 19 91
20141128 13 102 11 85
20141128 12 98 22 83
20141128 21 105 20 78
20141128 27 112 26 104
20141128 8 122 24 97
20141128 15 112 25 99
20141128 18 120 14 119
20141129 7 110 23 103
20141129 30 83 19 80
20141129 1 105 4 75
20141129 6 109 12 97
20141129 11 117 17 103
20141129 13 112 29 96
20141130 27 111 2 89
20141130 5 102 3 84
20141130 10 104 9 93
20141130 15 97 26 85
20141130 16 86 20 79
20141130 22 93 24 90
20141130 25 107 18 93
20141130 14 129 28 122
20141201 27 109 23 103
20141201 30 107 16 86
20141201 8 103 29 101
20141201 13 127 18 101
20141202 6 111 17 108
20141202 1 109 2 105
20141202 14 106 9 96
20141202 3 98 20 93
20141202 7 132 5 129
20141202 19 112 21 104
20141202 25 105 8 103
20141202 24 116 12 99
20141202 28 117 26 109
20141202 10 98 22 97
20141203 5 102 4 95
20141203 30 111 14 95
20141203 2 109 9 102
20141203 3 95 27 93
20141203 1 112 16 102
20141203 11 105 15 96
20141203 7 107 17 105
20141203 23 85 18 77
20141203 28 123 29 104
20141203 13 114 22 86
20141204 6 90 20 87
20141204 25 88 12 82
20141204 10 112 19 85
20141205 4 103 20 102
20141205 21 103 23 91
20141205 30 119 8 89
20141205 2 113 14 96
20141205 1 98 3 75
20141205 6 105 28 91
20141205 27 107 15 101
20141205 11 114 18 112
20141205 24 118 7 106
20141205 17 109 16 85
20141205 22 98 29 93
20141205 26 102 12 101
20141206 23 108 9 101
20141206 10 112 5 102
20141206 11 100 24 95
20141206 27 123 18 101
20141206 22 105 26 96
20141206 13 120 19 100
20141207 2 101 30 93
20141207 1 96 8 84
20141207 21 96 9 94
20141207 15 103 16 87
20141207 7 125 17 102
20141207 25 103 20 99
20141207 19 104 14 87
20141208 1 108 12 92
20141208 30 133 2 132
20141208 6 110 3 88
20141208 28 112 8 107
20141208 10 102 18 86
20141208 26 101 29 92
20141208 13 121 24 120
20141209 6 105 28 101
20141209 25 98 9 86
20141209 15 114 7 105
20141209 19 104 20 93
20141209 21 114 17 101
20141209 16 103 24 97
20141209 29 100 27 96
20141209 14 98 26 95
20141210 4 96 2 87
20141210 13 103 12 96
20141210 30 91 22 89
20141210 1 95 23 79
20141210 5 105 3 80
20141210 18 90 25 82
20141210 27 109 20 95
20141210 7 112 19 107
20141210 8 102 16 82
20141210 10 105 11 93
20141211 21 103 6 94
20141211 11 113 26 109
20141212 5 115 25 106
20141212 30 104 13 96
20141212 1 87 22 81
20141212 20 101 2 95
20141212 3 88 23 70
20141212 28 106 12 94
20141212 15 113 4 107
20141212 21 111 18 92
20141212 19 119 6 114
20141212 9 105 24 103
20141212 16 100 29 95
20141212 14 112 27 110
20141213 10 105 7 98
20141213 3 114 4 87
20141213 25 95 12 85
20141213 22 100 1 99
20141213 17 111 13 106
20141213 15 120 23 115
20141213 11 108 8 96
20141213 9 95 26 90
20141214 5 93 16 75
20141214 10 128 19 122
20141214 30 93 29 84
20141214 14 100 18 94
20141214 21 112 24 88
20141214 28 95 20 90
20141214 27 99 8 91
20141215 6 97 4 88
20141215 12 110 14 91
20141215 2 105 23 87
20141215 1 93 5 86
20141215 28 95 22 82
20141215 17 96 24 94
20141215 25 108 27 95
20141215 13 113 9 91
20141216 30 109 18 95
20141216 16 95 3 91
20141216 15 105 10 110
20141216 19 119 29 111
20141216 7 107 20 87
20141216 21 104 26 92
20141217 24 111 4 106
20141217 1 127 6 98
20141217 2 109 22 92
20141217 7 117 9 106
20141217 29 105 16 87
20141217 28 105 3 89
20141217 15 117 27 116
20141217 25 104 17 97
20141217 11 115 8 111
20141217 13 102 12 100
20141218 5 103 20 97
20141218 19 99 11 90
20141218 17 108 26 107
20141218 10 114 21 109
20141219 29 101 22 94
20141219 4 109 23 91
20141219 2 114 18 98
20141219 6 95 3 91
20141219 28 110 9 100
20141219 30 105 16 103
20141219 5 103 15 97
20141219 25 129 27 119
20141219 8 109 13 106
20141219 21 104 14 103
20141220 24 99 20 90
20141220 4 104 29 86
20141220 25 114 19 88
20141220 1 104 11 97
20141220 7 99 27 93
20141220 8 76 12 73
20141220 13 106 17 102
20141221 28 118 20 108
20141221 6 105 15 91
20141221 3 110 9 105
20141221 16 100 2 84
20141221 23 96 22 88
20141221 26 108 14 101
20141221 24 104 30 92
20141221 12 100 18 96
20141221 19 101 21 99
20141222 4 110 8 82
20141222 5 129 28 120
20141222 11 110 25 95
20141222 29 97 15 91
20141222 1 105 7 102
20141222 27 125 13 118
20141222 10 128 26 108
20141223 6 125 18 104
20141223 12 96 19 84
20141223 22 100 2 95
20141223 5 99 30 91
20141223 1 107 13 104
20141223 3 102 8 96
20141223 23 91 16 87
20141223 4 108 17 101
20141223 25 115 21 111
20141223 24 124 7 115
20141223 14 115 10 125
20141225 30 102 20 91
20141225 21 114 27 106
20141225 16 101 6 91
20141225 5 113 14 93
20141225 13 100 10 110
20141226 3 109 2 107
20141226 6 98 22 89
20141226 17 107 1 77
20141226 9 119 12 109
20141226 11 117 15 111
20141226 19 97 27 90
20141226 21 98 4 75
20141226 8 106 18 102
20141226 25 114 23 93
20141226 24 115 26 106
20141226 7 102 14 98
20141227 28 110 13 98
20141227 22 102 4 94
20141227 30 101 2 88
20141227 15 103 16 95
20141227 12 110 3 85
20141227 5 107 19 100
20141227 1 90 17 85
20141227 29 88 23 71
20141227 26 135 20 129
20141227 10 110 18 97
20141228 9 103 6 80
20141228 27 110 11 106
20141228 7 112 21 107
20141228 28 116 8 102
20141228 25 101 20 79
20141228 24 116 14 107
20141229 17 104 4 94
20141229 5 92 12 90
20141229 3 107 26 99
20141229 22 102 16 101
20141229 30 104 11 103
20141229 13 101 29 97
20141230 9 109 22 86
20141230 1 109 6 101
20141230 3 96 5 82
20141230 15 95 27 87
20141230 19 110 24 106
20141230 7 114 30 87
20141230 14 111 8 103
20141230 29 100 18 94
20141230 25 102 28 97
20141230 10 126 23 86
20141231 2 106 26 84
20141231 12 106 16 95
20141231 13 99 20 78
20141231 17 96 6 80
20141231 11 102 4 83
20141231 27 95 19 93
20141231 21 137 24 134
20150101 5 106 8 101
20150101 26 110 18 107
20150102 6 91 4 87
20150102 3 100 22 98
20150102 7 119 2 101
20150102 9 97 20 81
20150102 19 111 11 83
20150102 21 109 30 102
20150102 12 94 17 91
20150102 24 112 23 96
20150102 1 98 29 92
20150102 10 126 28 105
20150102 15 109 14 106
20150103 4 98 22 90
20150103 5 109 2 104
20150103 11 115 16 79
20150103 29 101 18 89
20150103 27 101 30 92
20150103 8 114 15 85
20150103 1 115 25 107
20150103 13 127 23 91
20150104 7 109 6 90
20150104 9 114 26 95
20150104 16 88 3 84
20150104 17 95 20 82
20150104 24 125 28 109
20150104 14 88 12 87
20150105 23 95 6 92
20150105 4 104 2 95
20150105 7 96 3 88
20150105 5 114 11 105
20150105 15 105 20 83
20150105 8 110 18 101
20150105 30 92 19 85
20150105 12 105 29 101
20150105 25 98 14 94
20150105 10 117 21 91
20150105 1 107 13 98
20150106 24 102 17 96
20150106 9 105 27 104
20150107 4 98 19 94
20150107 11 105 6 93
20150107 17 97 23 77
20150107 30 101 20 91
20150107 1 96 15 86
20150107 2 89 3 81
20150107 29 97 5 77
20150107 9 108 7 95
20150107 8 93 22 90
20150107 24 113 18 111
20150107 26 104 21 83
20150107 10 117 12 102
20150107 13 114 14 89
20150108 4 103 28 95
20150108 11 120 20 96
20150108 25 99 16 83
20150109 1 106 9 103
20150109 12 107 2 103
20150109 23 90 3 88
20150109 19 106 15 95
20150109 21 99 29 94
20150109 30 102 5 86
20150109 17 98 18 84
20150109 27 100 24 95
20150109 8 118 26 108
20150109 10 112 6 94
20150109 14 101 22 84
20150110 4 110 20 82
20150110 13 120 7 100
20150110 9 98 3 93
20150110 23 93 12 92
20150110 28 109 2 96
20150110 5 95 17 87
20150110 11 97 29 82
20150110 27 108 18 93
20150110 25 103 22 92
20150111 1 120 30 89
20150111 16 104 13 90
20150111 15 122 24 110
20150111 26 103 6 84
20150111 25 106 14 94
20150112 2 108 19 100
20150112 11 113 3 99
20150112 9 114 28 111
20150112 22 121 5 114
20150113 18 110 12 101
20150113 1 105 23 87
20150113 30 101 27 93
20150113 24 107 6 100
20150113 10 116 29 105
20150113 7 108 26 104
20150113 16 78 14 75
20150114 27 98 4 93
20150114 22 120 11 113
20150114 15 103 3 92
20150114 19 105 9 94
20150114 28 100 23 84
20150114 1 105 2 91
20150114 30 105 5 99
20150114 8 114 7 107
20150114 10 104 16 89
20150114 13 100 25 94
20150115 17 95 20 79
20150115 11 112 21 101
20150115 6 109 14 102
20150116 9 98 12 96
20150116 15 106 22 96
20150116 23 96 19 81
20150116 3 102 30 80
20150116 5 119 2 103
20150116 1 110 28 89
20150116 21 127 10 130
20150116 7 97 8 89
20150116 27 110 25 96
20150116 24 110 18 99
20150116 29 94 14 85
20150116 16 95 26 83
20150116 6 126 13 121
20150117 4 80 12 71
20150117 9 107 23 89
20150117 30 99 3 90
20150117 1 107 5 99
20150117 10 131 11 106
20150117 15 102 25 98
20150117 18 113 8 105
20150117 13 117 26 108
20150118 19 95 28 93
20150118 21 127 22 99
20150118 27 89 29 69
20150119 4 105 18 80
20150119 30 111 23 76
20150119 1 93 9 82
20150119 13 102 2 93
20150119 10 122 8 79
20150119 7 103 15 95
20150119 11 110 12 98
20150119 20 99 19 92
20150119 6 108 5 94
20150119 28 92 17 89
20150119 24 115 14 100
20150119 25 98 26 94
20150120 21 94 16 86
20150120 27 109 8 99
20150121 4 78 16 76
20150121 6 106 29 92
20150121 20 98 23 91
20150121 1 110 12 91
20150121 9 128 22 118
20150121 15 92 28 86
20150121 7 98 18 75
20150121 19 96 14 80
20150121 21 105 30 103
20150121 24 118 25 113
20150121 3 103 26 100
20150121 10 126 11 113
20150122 5 104 27 81
20150122 29 101 17 99
20150122 2 90 25 89
20150122 13 123 3 84
20150123 28 91 23 86
20150123 1 103 21 93
20150123 6 129 4 90
20150123 16 89 12 87
20150123 20 113 22 106
20150123 5 102 7 98
20150123 19 92 18 84
20150123 27 99 14 85
20150123 2 100 8 99
20150123 11 113 24 111
20150123 10 126 26 101
20150124 4 76 20 71
20150124 17 101 9 86
20150124 15 101 23 83
20150124 29 108 3 73
20150124 25 103 30 96
20150125 16 96 5 84
20150125 6 108 21 98
20150125 1 112 18 100
20150125 19 109 7 106
20150125 12 106 22 99
20150125 13 120 24 100
20150125 27 101 17 95
20150125 28 114 9 110
20150125 30 117 8 115
20150125 10 114 2 111
20150125 11 99 14 87
20150126 15 103 22 94
20150126 19 99 23 74
20150126 21 92 18 84
20150126 2 99 29 90
20150126 13 102 8 98
20150127 28 104 12 91
20150127 6 103 9 95
20150127 17 109 16 102
20150127 15 109 7 90
20150127 5 113 10 121
20150127 30 98 14 92
20150128 6 99 25 94
20150128 23 89 9 69
20150128 1 113 3 102
20150128 28 119 26 102
20150128 11 99 7 94
20150128 18 110 2 98
20150128 8 93 19 85
20150128 20 100 21 92
20150128 27 95 4 86
20150128 13 94 29 89
20150128 24 106 30 98
20150129 17 115 22 100
20150129 12 103 20 82
20150129 15 99 8 69
20150129 14 123 5 118
20150130 23 103 18 94
20150130 1 105 25 99
20150130 11 93 2 87
20150130 28 127 3 122
20150130 6 101 26 90
20150130 7 93 16 72
20150130 19 108 13 103
20150130 29 110 10 120
20150130 24 99 5 93
20150131 26 99 12 94
20150131 7 108 22 93
20150131 28 120 30 116
20150131 1 91 23 85
20150131 9 114 11 101
20150131 15 85 21 74
20150131 6 106 18 90
20150131 17 95 25 88
20150131 4 104 8 86
20150131 13 105 27 85
20150131 10 106 24 87
20150201 16 83 2 75
20150201 20 92 14 80
20150202 6 97 23 84
20150202 4 92 30 88
20150202 3 102 13 100
20150202 17 82 28 75
20150202 19 115 1 100
20150202 21 104 22 97
20150202 7 100 18 94
20150202 15 102 24 101
20150203 23 105 8 98
20150203 9 108 16 91
20150203 2 108 20 97
20150203 25 103 29 102
20150203 10 121 26 96
20150204 12 114 9 109
20150204 1 105 30 96
20150204 2 104 8 100
20150204 3 109 28 93
20150204 11 101 5 90
20150204 17 113 14 105
20150204 18 102 16 101
20150204 21 102 19 91
20150204 27 110 22 103
20150204 15 100 29 90
20150204 10 128 7 114
20150205 4 94 30 87
20150205 6 105 13 94
20150205 7 101 26 78
20150205 25 108 24 87
20150206 3 92 20 88
20150206 12 103 6 99
20150206 22 103 14 97
20150206 1 124 10 126
20150206 2 107 23 96
20150206 9 98 8 88
20150206 28 123 13 107
20150206 11 117 17 111
20150206 18 90 15 89
20150206 19 116 21 113
20150206 24 100 29 93
20150206 27 98 16 85
20150207 5 107 19 72
20150207 30 114 3 77
20150207 10 106 20 92
20150207 23 89 4 81
20150207 7 111 25 101
20150207 17 96 2 93
20150207 29 102 26 90
20150208 21 131 13 108
20150208 6 120 14 105
20150208 12 103 4 102
20150208 18 112 9 101
20150208 15 94 1 88
20150208 5 98 22 97
20150208 25 109 11 98
20150208 28 87 27 82
20150208 26 85 24 83
20150209 27 95 12 93
20150209 10 89 23 84
20150209 30 96 22 80
20150209 16 109 20 95
20150209 17 103 3 97
20150209 1 117 18 105
20150209 29 100 19 96
20150209 13 115 7 98
20150209 21 124 8 114
20150210 9 106 4 78
20150210 5 104 26 86
20150210 15 95 3 86
20150210 11 127 24 118
20150210 8 106 14 96
20150211 22 89 20 83
20150211 2 89 1 88
20150211 27 104 9 87
20150211 28 95 30 93
20150211 6 113 16 93
20150211 17 111 26 103
20150211 10 94 18 91
20150211 12 106 19 93
20150211 21 105 15 89
20150211 7 87 29 82
20150211 25 102 14 86
20150211 13 110 11 95
20150212 5 113 6 98
20150219 21 104 7 89
20150219 13 119 27 115
20150220 22 95 19 84
20150220 12 106 23 95
20150220 28 105 1 80
20150220 9 100 5 91
20150220 16 111 20 87
20150220 18 111 24 109
20150220 6 127 30 89
20150220 7 111 11 100
20150220 17 89 8 81
20150220 29 92 25 76
20150220 26 109 2 101
20150220 10 110 27 99
20150220 3 114 14 105
20150221 21 110 4 103
20150221 19 105 16 91
20150221 5 112 24 107
20150221 11 98 28 76
20150221 13 126 26 99
20150222 6 101 20 83
20150222 9 106 30 89
20150222 1 97 17 86
20150222 12 104 10 110
20150222 22 103 23 98
20150222 21 119 8 94
20150222 7 92 4 81
20150222 15 98 25 92
20150222 14 118 2 111
20150223 16 119 23 108
20150223 5 87 17 71
20150223 11 113 18 102
20150223 19 100 28 97
20150223 3 110 8 82
20150223 2 115 24 110
20150223 29 90 27 81
20150223 15 90 13 87
20150224 6 102 9 93
20150224 10 114 30 107
20150224 21 105 12 92
20150224 7 99 28 92
20150225 16 93 22 90
20150225 1 104 7 87
20150225 2 115 20 94
20150225 4 98 5 86
20150225 11 110 13 105
20150225 17 104 23 88
20150225 18 97 30 77
20150225 19 102 3 96
20150225 24 110 8 96
20150225 14 100 29 97
20150225 26 102 15 90
20150225 25 111 27 95
20150226 6 110 10 120
20150226 24 117 21 113
20150227 12 93 6 86
20150227 23 89 30 81
20150227 1 95 22 88
20150227 2 106 4 98
20150227 20 121 9 115
20150227 10 113 28 89
20150227 5 96 18 89
20150227 11 102 3 98
20150227 13 97 15 79
20150227 19 104 16 102
20150227 29 104 8 82
20150227 27 107 26 96
20150227 14 101 17 93
20150227 25 115 21 112
20150228 30 99 9 95
20150228 1 93 16 91
20150228 20 103 28 98
20150228 15 101 18 97
20150228 3 104 7 94
20150228 27 101 24 74
20150228 29 82 17 75
20150301 13 96 5 86
20150301 21 108 14 101
20150301 10 106 2 101
20150301 12 94 23 74
20150301 4 98 22 83
20150301 25 110 26 99
20150301 11 105 6 103
20150301 19 99 8 92
20150302 28 114 23 103
20150302 3 110 10 112
20150302 16 115 24 98
20150302 13 110 18 105
20150302 7 102 19 93
20150303 4 104 14 103
20150303 6 110 2 79
20150303 1 104 11 96
20150303 5 97 30 92
20150303 29 93 15 82
20150303 8 106 17 95
20150303 26 124 20 86
20150304 12 105 20 82
20150304 24 105 22 100
20150304 2 85 29 84
20150304 4 115 3 91
20150304 6 120 28 112
20150304 15 102 11 100
20150304 16 100 14 94
20150304 8 100 18 85
20150304 19 88 9 85
20150304 21 123 23 118
20150304 27 112 26 85
20150304 10 102 17 93
20150304 25 98 13 93
20150305 5 108 21 105
20150305 25 94 7 75
20150306 4 103 28 94
20150306 12 98 5 84
20150306 22 119 26 114
20150306 29 89 23 83
20150306 1 106 6 97
20150306 24 108 3 100
20150306 11 103 9 93
20150306 15 97 14 90
20150306 2 104 19 98
20150306 30 99 16 97
20150306 27 120 8 111
20150306 10 104 7 89
20150307 19 95 15 89
20150307 6 89 24 79
20150307 16 114 26 109
20150307 12 92 20 86
20150307 23 92 1 84
20150307 18 121 25 113
20150307 17 91 30 85
20150307 11 114 8 100
20150308 27 116 5 105
20150308 10 106 13 98
20150308 29 95 3 88
20150308 4 108 9 101
20150308 22 103 2 98
20150308 21 108 28 104
20150308 7 100 14 93
20150309 30 95 4 69
20150309 1 130 26 105
20150309 2 100 16 90
20150309 15 101 5 91
20150309 19 114 17 103
20150309 8 106 20 78
20150309 10 98 24 80
20150309 13 89 18 76
20150310 12 118 22 86
20150310 19 111 3 91
20150310 6 127 7 94
20150310 27 117 28 107
20150310 29 87 20 82
20150310 14 93 9 85
20150311 26 113 4 106
20150311 5 104 23 95
20150311 2 95 15 92
20150311 16 104 3 98
20150311 17 97 22 91
20150311 13 120 21 108
20150311 8 115 1 102
20150311 24 106 18 97
20150311 10 105 9 98
20150311 25 105 11 100
20150312 12 109 17 103
20150312 30 107 15 87
20150312 6 128 27 125
20150312 29 109 11 91
20150312 20 101 14 94
20150313 4 101 5 91
20150313 23 114 26 107
20150313 2 95 22 88
20150313 28 102 16 92
20150313 21 113 18 99
20150313 7 129 13 99
20150313 8 114 10 103
20150313 1 96 24 87
20150313 25 118 9 99
20150314 2 93 12 89
20150314 30 113 26 97
20150314 3 94 23 87
20150314 15 96 17 83
20150314 29 88 9 85
20150314 10 125 20 94
20150315 21 109 5 100
20150315 11 100 13 98
20150315 8 118 19 111
20150315 6 123 22 108
20150315 27 123 18 97
20150315 25 113 28 97
20150315 24 102 20 89
20150315 1 91 14 86
20150316 28 117 12 98
20150316 30 105 25 97
20150316 2 108 23 89
20150316 15 92 8 81
20150316 16 106 6 92
20150316 3 122 18 106
20150316 7 119 21 115
20150316 29 94 4 66
20150316 1 110 26 103
20150316 10 108 14 105
20150317 9 105 15 95
20150317 20 104 27 100
20150317 11 107 22 94
20150317 19 85 17 84
20150317 13 99 4 92
20150318 6 117 3 92
20150318 23 94 9 83
20150318 16 108 25 104
20150318 28 105 18 100
20150318 5 103 12 86
20150318 27 114 17 103
20150318 21 122 2 118
20150318 7 107 22 102
20150318 13 116 26 105
20150318 10 114 1 95
20150318 30 88 29 84
20150319 18 95 20 92
20150319 11 118 8 108
20150319 24 74 19 72
20150319 29 80 14 73
20150320 22 111 25 104
20150320 23 97 20 81
20150320 3 129 17 127
20150320 6 95 12 92
20150320 16 108 8 91
20150320 5 108 28 92
20150320 21 123 1 115
20150320 15 112 7 101
20150320 27 101 2 89
20150320 26 101 4 91
20150320 10 112 19 96
20150320 13 113 30 99
20150321 3 123 12 111
20150321 9 107 5 91
20150321 24 117 11 102
20150321 15 97 25 86
20150321 10 106 29 91
20150322 27 114 1 95
20150322 6 108 17 90
20150322 21 93 16 75
20150322 13 107 19 100
20150322 28 106 20 89
20150322 9 105 2 97
20150322 8 119 22 100
20150322 26 109 30 86
20150322 4 109 18 98
20150322 24 98 7 92
20150322 14 101 23 87
20150323 11 110 12 100
20150323 2 110 3 91
20150323 15 103 20 82
20150323 5 98 4 86
20150323 18 106 29 104
20150323 10 107 30 76
20150324 9 108 28 104
20150324 17 89 16 88
20150324 21 127 14 117
20150324 7 101 27 94
20150324 26 107 23 106
20150324 10 122 25 108
20150325 3 91 4 88
20150325 13 111 20 80
20150325 1 95 22 83
20150325 12 103 30 101
20150325 16 93 2 86
20150325 5 116 28 103
20150325 6 111 15 89
20150325 14 101 18 99
20150325 11 95 19 93
20150325 23 99 8 85
20150325 25 92 29 89
20150325 27 130 21 91
20150325 26 108 24 99
20150326 17 111 12 107
20150327 9 111 22 97
20150327 13 119 23 98
20150327 30 110 4 107
20150327 1 99 16 86
20150327 3 106 6 98
20150327 2 96 20 92
20150327 28 94 14 83
20150327 11 120 18 110
20150327 10 107 15 84
20150327 19 102 26 88
20150327 27 94 7 76
20150327 8 107 29 91
20150327 25 87 24 81
20150328 4 115 1 100
20150328 5 111 20 80
20150328 10 108 17 95
20150328 29 94 21 89
20150328 25 120 8 114
20150329 6 87 23 86
20150329 3 107 14 99
20150329 19 110 18 88
20150329 13 119 2 106
20150329 16 109 9 102
20150329 11 99 30 91
20150329 12 104 7 99
20150329 27 103 15 89
20150329 21 109 24 97
20150330 2 116 4 104
20150330 14 113 23 111
20150330 1 101 17 88
20150330 28 99 11 96
20150330 15 97 26 83
20150330 29 104 18 84
20150330 25 109 24 86
20150331 3 111 12 106
20150331 9 105 1 95
20150331 27 95 16 81
20150331 10 110 13 106
20150401 4 102 9 78
20150401 27 103 22 91
20150401 30 106 23 93
20150401 2 100 12 87
20150401 3 100 20 98
20150401 11 115 26 111
20150401 17 95 5 91
20150401 28 113 18 99
20150401 7 135 21 131
20150401 29 98 8 84
20150401 13 126 25 122
20150401 19 113 14 92
20150402 6 114 16 88
20150402 11 108 7 101
20150402 10 107 24 106
20150403 12 93 4 74
20150403 30 101 20 87
20150403 17 110 2 101
20150403 3 114 28 109
20150403 5 88 9 82
20150403 15 100 21 92
20150403 22 97 18 84
20150403 27 123 8 93
20150403 19 101 26 95
20150403 25 107 14 77
20150404 4 92 23 91
20150404 1 131 3 99
20150404 9 99 16 98
20150404 2 117 28 116
20150404 30 92 15 83
20150404 10 123 7 110
20150404 22 97 17 90
20150404 13 107 8 92
20150404 24 87 29 85
20150404 25 99 19 90
20150405 11 115 21 112
20150405 6 99 5 94
20150405 12 112 16 89
20150405 27 107 10 110
20150405 20 101 23 91
20150405 29 101 26 95
20150405 13 106 14 78
20150406 3 106 25 96
20150407 1 96 24 69
20150407 16 105 4 100
20150407 19 103 10 104
20150407 27 113 21 88
20150407 26 116 18 111
20150407 13 105 14 100
20150408 28 92 4 74
20150408 22 105 5 103
20150408 30 119 23 90
20150408 1 114 3 111
20150408 2 113 9 103
20150408 12 102 20 86
20150408 15 110 19 74
20150408 6 104 17 99
20150408 27 110 11 98
20150408 8 119 14 101
20150408 29 103 26 91
20150408 7 107 24 104
20150408 25 116 18 91
20150409 5 89 16 78
20150409 10 116 25 105
20150410 28 101 22 99
20150410 1 104 4 80
20150410 3 117 30 80
20150410 2 99 6 90
20150410 12 107 9 103
20150410 17 99 20 91
20150410 27 104 11 103
20150410 19 90 24 75
20150410 21 116 26 103
20150410 7 144 8 143
20150410 15 89 29 88
20150410 14 106 18 98
20150411 20 80 22 79
20150411 28 107 16 104
20150411 5 114 23 107
20150411 13 94 15 86
20150411 29 111 25 105
20150411 10 110 18 101
20150412 2 117 6 78
20150412 17 96 3 73
20150412 9 116 4 77
20150412 8 122 26 111
20150412 12 116 21 104
20150412 30 108 1 99
20150412 11 121 19 114
20150412 27 107 24 91
20150412 7 120 14 106
20150413 11 100 4 90
20150413 6 109 9 97
20150413 17 107 23 97
20150413 20 112 1 108
20150413 5 113 3 86
20150413 16 100 22 93
20150413 19 100 18 88
20150413 21 101 25 90
20150413 29 109 7 92
20150413 26 102 14 92
20150413 10 111 15 107
20150413 13 110 8 103
20150414 2 95 28 93
20150414 12 99 30 95
20150414 13 112 24 101
20150415 3 101 22 88
20150415 5 91 1 85
20150415 6 113 30 108
20150415 7 114 25 98
20150415 11 117 29 91
20150415 15 95 12 83
20150415 2 105 17 100
20150415 21 138 18 113
20150415 19 108 27 103
20150415 9 112 20 90
20150415 16 105 23 101
20150415 28 92 4 87
20150415 10 133 8 126
20150415 26 122 14 99
