0,0,0,0,0,0,0,0,0,0,0,0,0,0,0,0,0,0,0,0,0,0,0,0,0,0,0,0
0,0,0,0,0,0,0,0,0,0,0,0,0,0,0,0,0,0,0,0,0,0,0,0,0,0,0,0
0,0,0,0,0,0,0,0,0,0,0,0,0,0,0,0,0,0,0,0,0,0,0,0,0,0,0,0
0,0,0,0,0,0,0,0,0,0,0,1,2,2,3,4,5,4,3,2,1,0,0,0,0,0,0,0
0,0,0,0,0,0,0,0,1,3,7,14,26,41,54,64,66,61,49,36,21,10,4,1,0,0,0,0
0,0,0,0,0,0,0,1,4,11,24,45,71,101,127,144,149,138,116,87,57,31,13,3,0,0,0,0
0,0,0,0,0,0,1,4,12,29,54,86,121,152,174,187,190,185,168,136,99,60,29,9,1,0,0,0
0,0,0,0,0,1,3,10,27,53,88,126,155,174,185,187,187,189,185,167,135,93,52,19,3,0,0,0
0,0,0,0,0,1,6,21,47,82,122,154,170,173,165,155,151,155,167,173,159,122,77,33,6,0,0,0
0,0,0,0,0,3,14,38,71,114,149,167,166,151,127,108,98,105,128,156,165,144,101,50,11,0,0,0
0,0,0,0,0,7,25,58,99,140,163,165,144,114,84,62,52,60,89,130,159,155,121,66,18,0,0,0
0,0,0,0,1,13,40,82,127,159,167,147,111,75,47,30,25,34,62,108,149,160,133,80,24,0,0,0
0,0,0,0,2,22,60,107,148,167,156,119,75,42,21,13,12,22,50,95,140,159,138,88,29,0,0,0
0,0,0,0,5,35,82,131,163,165,135,85,44,19,9,6,6,18,47,91,137,157,137,89,32,1,0,0
0,0,0,0,8,50,103,150,169,153,107,56,23,8,4,3,5,20,53,99,141,156,132,85,31,1,0,0
0,0,0,0,12,65,121,162,169,136,83,36,12,4,2,3,10,30,68,115,149,152,121,75,27,1,0,0
0,0,0,0,17,78,134,168,163,119,64,24,8,3,3,8,21,50,94,135,155,142,106,60,19,0,0,0
0,0,0,0,23,85,140,169,158,110,56,22,9,7,11,22,46,84,124,152,153,126,85,42,12,0,0,0
0,0,0,0,25,85,139,169,159,115,65,33,21,22,33,56,87,124,151,158,138,100,61,26,6,0,0,0
0,0,0,0,23,77,131,167,168,138,96,66,55,60,78,105,134,157,162,145,111,72,37,13,2,0,0,0
0,0,0,0,17,60,113,157,178,173,150,127,117,122,137,156,168,167,147,113,77,43,18,5,0,0,0,0
0,0,0,0,10,40,84,132,172,195,198,190,183,180,182,181,168,144,109,73,41,18,6,1,0,0,0,0
0,0,0,0,4,19,50,89,132,170,194,203,202,195,181,156,126,92,59,34,15,5,1,0,0,0,0,0
0,0,0,0,0,5,17,39,68,100,127,144,146,134,113,87,60,37,19,8,3,1,0,0,0,0,0,0
0,0,0,0,0,0,1,5,11,18,27,33,36,33,27,19,12,6,2,1,0,0,0,0,0,0,0,0
0,0,0,0,0,0,0,0,0,0,0,0,0,0,0,0,0,0,0,0,0,0,0,0,0,0,0,0
0,0,0,0,0,0,0,0,0,0,0,0,0,0,0,0,0,0,0,0,0,0,0,0,0,0,0,0
0,0,0,0,0,0,0,0,0,0,0,0,0,0,0,0,0,0,0,0,0,0,0,0,0,0,0,0

0,0,0,0,0,0,0,0,0,0,0,0,0,0,0,0,0,0,0,0,0,0,0,0,0,0,0,0
0,0,0,0,0,0,0,0,0,0,0,0,0,0,0,0,0,0,0,0,0,0,0,0,0,0,0,0
0,0,0,0,0,0,0,0,0,0,0,0,0,0,0,0,0,0,0,0,0,0,0,0,0,0,0,0
0,0,0,0,0,0,0,0,0,0,0,0,0,1,1,1,1,1,0,0,0,0,0,0,0,0,0,0
0,0,0,0,0,0,0,0,0,0,2,5,13,26,39,45,43,41,34,26,18,9,4,1,0,0,0,0
0,0,0,0,0,0,0,0,0,1,3,10,27,52,77,89,88,80,66,49,33,17,7,2,0,0,0,0
0,0,0,0,0,0,0,0,0,1,4,12,32,64,95,113,112,98,79,55,34,16,6,2,0,0,0,0
0,0,0,0,0,0,0,0,0,1,3,11,33,70,107,131,127,106,78,50,26,11,4,1,0,0,0,0
0,0,0,0,0,0,0,0,0,1,2,10,32,74,121,150,141,108,71,39,17,6,1,0,0,0,0,0
0,0,0,0,0,0,0,0,0,1,2,9,30,79,140,173,151,103,58,26,9,2,0,0,0,0,0,0
0,0,0,0,0,0,0,0,0,1,2,8,29,87,164,196,153,89,40,14,3,0,0,0,0,0,0,0
0,0,0,0,0,0,0,0,0,1,2,6,30,102,195,213,145,67,23,6,1,0,0,0,0,0,0,0
0,0,0,0,0,0,0,0,0,1,2,6,32,127,224,219,127,43,10,1,0,0,0,0,0,0,0,0
0,0,0,0,0,0,0,0,0,1,2,7,43,162,242,213,99,21,3,0,0,0,0,0,0,0,0,0
0,0,0,0,0,0,0,0,0,1,2,10,65,194,246,197,66,9,0,0,0,0,0,0,0,0,0,0
0,0,0,0,0,0,0,0,0,1,4,22,97,210,242,167,43,4,0,0,0,0,0,0,0,0,0,0
0,0,0,0,0,0,0,0,0,2,10,44,125,214,224,132,33,4,0,0,0,0,0,0,0,0,0,0
0,0,0,0,0,0,0,0,1,6,25,71,143,208,195,105,29,5,1,0,0,0,0,0,0,0,0,0
0,0,0,0,0,0,0,1,4,15,44,92,150,190,164,91,31,7,2,1,1,0,0,0,0,0,0,0
0,0,0,0,0,0,1,3,11,30,63,106,147,167,141,84,34,10,3,2,1,0,0,0,0,0,0,0
0,0,0,0,0,0,3,8,20,45,78,112,137,146,124,81,39,14,5,2,1,0,0,0,0,0,0,0
0,0,0,0,0,1,5,13,31,56,85,109,124,128,113,80,43,18,6,3,1,0,0,0,0,0,0,0
0,0,0,0,0,2,7,17,36,60,83,99,107,109,101,75,44,19,7,2,1,0,0,0,0,0,0,0
0,0,0,0,0,2,7,16,31,50,65,75,79,80,76,58,33,14,4,1,0,0,0,0,0,0,0,0
0,0,0,0,0,0,2,4,8,13,17,19,20,21,21,15,8,3,0,0,0,0,0,0,0,0,0,0
0,0,0,0,0,0,0,0,0,0,0,0,0,0,0,0,0,0,0,0,0,0,0,0,0,0,0,0
0,0,0,0,0,0,0,0,0,0,0,0,0,0,0,0,0,0,0,0,0,0,0,0,0,0,0,0
0,0,0,0,0,0,0,0,0,0,0,0,0,0,0,0,0,0,0,0,0,0,0,0,0,0,0,0

0,0,0,0,0,0,0,0,0,0,0,0,0,0,0,0,0,0,0,0,0,0,0,0,0,0,0,0
0,0,0,0,0,0,0,0,0,0,0,0,0,0,0,0,0,0,0,0,0,0,0,0,0,0,0,0
0,0,0,0,0,0,0,0,0,1,1,2,3,3,4,4,3,2,1,0,0,0,0,0,0,0,0,0
0,0,0,0,0,0,1,2,5,11,17,25,33,39,41,41,36,27,18,11,5,2,0,0,0,0,0,0
0,0,0,0,0,1,4,11,22,37,55,75,95,110,119,119,108,87,62,41,22,10,3,0,0,0,0,0
0,0,0,0,0,3,11,24,43,67,93,118,140,156,165,166,157,137,106,73,45,22,8,1,0,0,0,0
0,0,0,0,1,7,19,38,61,87,111,131,146,155,160,163,162,152,129,97,64,35,14,2,0,0,0,0
0,0,0,0,3,11,25,44,65,86,103,115,120,120,122,127,136,141,132,108,76,45,20,4,0,0,0,0
0,0,0,0,3,11,25,40,57,69,79,83,82,79,82,91,108,127,132,114,82,48,23,5,0,0,0,0
0,0,0,0,3,9,20,31,41,48,53,53,49,46,50,66,93,121,133,117,83,48,22,5,0,0,0,0
0,0,0,0,1,6,13,19,25,28,31,29,26,25,34,58,92,123,134,116,80,44,20,5,0,0,0,0
0,0,0,0,1,3,7,10,12,15,15,14,15,20,35,65,101,129,133,111,73,38,16,3,0,0,0,0
0,0,0,0,0,2,3,5,7,10,11,13,18,29,51,84,114,134,129,102,62,31,12,3,1,0,0,0
0,0,0,0,0,1,3,6,11,16,21,29,39,57,81,107,128,136,120,88,51,25,9,4,2,1,0,0
0,0,0,0,1,3,9,17,26,37,49,63,80,100,119,136,142,134,110,75,43,21,10,6,4,2,0,0
0,0,0,0,3,10,22,39,55,73,92,111,130,146,156,158,149,131,102,68,41,23,14,10,7,3,1,0
0,0,0,1,8,22,44,67,90,111,129,147,163,173,174,168,153,129,100,71,50,35,26,20,13,6,1,0
0,0,0,4,15,37,67,93,116,132,144,158,169,175,174,165,150,130,108,85,67,53,42,31,20,9,1,0
0,0,0,6,24,53,84,112,129,140,152,161,168,171,168,159,148,134,120,104,89,74,59,44,26,10,1,0
0,0,0,8,29,62,97,125,145,157,166,170,171,166,156,147,138,132,125,116,104,89,70,49,26,9,1,0
0,0,0,8,31,61,97,129,156,171,176,174,165,150,135,124,117,116,117,111,99,84,63,42,21,6,0,0
0,0,0,6,24,49,80,114,142,158,160,151,136,117,102,91,87,89,91,88,77,62,44,29,13,3,0,0
0,0,0,3,12,28,49,74,97,110,111,101,87,72,61,54,51,52,53,50,43,34,24,14,6,1,0,0
0,0,0,0,3,8,16,26,36,42,43,39,34,28,24,20,19,18,18,17,15,12,8,4,1,0,0,0
0,0,0,0,0,0,1,2,3,4,4,5,5,5,4,4,4,3,2,2,2,1,1,0,0,0,0,0
0,0,0,0,0,0,0,0,0,0,0,0,0,0,0,0,0,0,0,0,0,0,0,0,0,0,0,0
0,0,0,0,0,0,0,0,0,0,0,0,0,0,0,0,0,0,0,0,0,0,0,0,0,0,0,0
0,0,0,0,0,0,0,0,0,0,0,0,0,0,0,0,0,0,0,0,0,0,0,0,0,0,0,0

0,0,0,0,0,0,0,0,0,0,0,0,0,0,0,0,0,0,0,0,0,0,0,0,0,0,0,0
0,0,0,0,0,0,0,0,0,0,0,0,0,0,0,0,0,0,0,0,0,0,0,0,0,0,0,0
0,0,0,0,0,0,0,0,0,0,0,0,0,0,0,0,0,0,0,0,0,0,0,0,0,0,0,0
0,0,0,0,0,0,0,0,0,1,2,4,5,6,6,5,5,4,2,1,1,0,0,0,0,0,0,0
0,0,0,0,0,1,3,7,14,24,36,49,59,65,65,60,50,38,26,16,7,3,0,0,0,0,0,0
0,0,0,0,2,7,15,27,46,71,99,124,144,158,160,153,135,108,78,51,29,12,3,0,0,0,0,0
0,0,0,1,6,15,29,51,80,110,138,158,173,183,189,189,179,154,121,85,53,27,9,1,0,0,0,0
0,0,0,2,9,20,37,60,84,107,122,131,136,141,148,158,164,158,135,102,67,35,13,2,0,0,0,0
0,0,0,3,10,20,34,49,63,74,80,80,79,82,94,116,136,145,134,105,69,37,14,2,0,0,0,0
0,0,0,2,7,13,22,30,36,39,41,41,44,54,77,108,135,145,131,97,60,30,11,1,0,0,0,0
0,0,0,2,4,7,11,14,18,20,25,33,48,73,105,136,156,150,121,80,44,19,6,1,0,0,0,0
0,0,0,1,2,4,5,7,12,21,38,62,93,126,156,175,173,147,103,60,29,10,2,0,0,0,0,0
0,0,0,0,1,2,3,8,18,39,72,112,150,180,197,198,182,144,96,53,23,8,2,0,0,0,0,0
0,0,0,0,0,1,3,10,27,58,102,145,178,195,197,190,177,149,110,67,32,13,3,0,0,0,0,0
0,0,0,0,0,1,3,11,30,61,99,132,152,158,157,155,155,152,132,94,53,24,8,1,0,0,0,0
0,0,0,0,1,2,4,10,22,44,68,86,95,97,98,104,118,138,141,117,76,38,15,4,0,0,0,0
0,0,0,1,3,5,6,10,15,25,33,39,41,43,48,61,87,122,142,129,90,50,22,6,0,0,0,0
0,0,0,3,8,10,12,14,15,15,15,15,16,18,24,42,74,115,141,131,94,56,26,8,0,0,0,0
0,0,1,6,14,20,24,26,24,19,15,13,11,13,23,46,83,121,143,130,93,57,27,8,0,0,0,0
0,0,2,10,21,34,43,47,45,38,31,25,23,28,45,73,110,140,146,124,86,51,23,6,0,0,0,0
0,0,2,12,27,45,61,74,79,75,66,61,60,70,92,119,146,156,143,109,72,39,15,3,0,0,0,0
0,0,2,11,25,46,72,96,116,124,124,123,126,137,151,166,168,153,122,82,49,23,7,1,0,0,0,0
0,0,1,7,18,36,63,94,126,151,167,177,182,185,183,173,150,118,80,48,24,9,2,0,0,0,0,0
0,0,0,3,10,21,38,63,94,122,146,163,169,164,146,120,89,60,36,19,8,2,0,0,0,0,0,0
0,0,0,1,3,7,14,24,36,50,62,71,73,69,58,43,30,18,9,4,1,0,0,0,0,0,0,0
0,0,0,0,0,0,1,2,4,5,7,8,8,7,6,5,3,2,1,0,0,0,0,0,0,0,0,0
0,0,0,0,0,0,0,0,0,0,0,0,0,0,0,0,0,0,0,0,0,0,0,0,0,0,0,0
0,0,0,0,0,0,0,0,0,0,0,0,0,0,0,0,0,0,0,0,0,0,0,0,0,0,0,0

0,0,0,0,0,0,0,0,0,0,0,0,0,0,0,0,0,0,0,0,0,0,0,0,0,0,0,0
0,0,0,0,0,0,0,0,0,0,0,0,0,0,0,0,0,0,0,0,0,0,0,0,0,0,0,0
0,0,0,0,0,0,0,0,0,0,0,0,0,0,0,0,0,0,0,0,0,0,0,0,0,0,0,0
0,0,0,0,0,0,0,0,0,0,0,0,0,0,0,0,0,0,0,1,1,1,0,0,0,0,0,0
0,0,0,0,0,0,0,0,1,2,2,3,4,3,3,3,5,6,8,11,12,10,7,3,1,0,0,0
0,0,0,0,0,1,3,5,8,12,16,18,18,15,14,16,23,29,37,39,38,32,23,15,6,1,0,0
0,0,0,0,1,3,6,12,19,30,39,42,40,34,28,28,37,53,66,69,62,51,37,23,10,2,0,0
0,0,0,0,2,5,10,20,33,50,63,67,61,50,39,36,48,71,89,91,79,61,42,25,10,2,0,0
0,0,0,0,2,6,14,28,47,71,87,89,78,60,42,37,54,86,108,107,89,63,38,19,7,1,0,0
0,0,0,0,2,8,18,37,63,92,109,107,88,60,36,35,61,102,127,120,91,57,30,12,3,0,0,0
0,0,0,0,3,9,23,48,82,114,128,115,83,47,25,32,71,123,144,126,86,47,20,6,1,0,0,0
0,0,0,0,3,12,31,63,104,136,140,111,66,29,18,37,90,146,157,124,74,35,13,3,0,0,0,0
0,0,0,0,4,15,42,83,129,157,145,99,51,25,25,56,120,170,163,116,63,28,10,3,1,0,0,0
0,0,0,0,5,21,56,106,153,172,149,101,64,51,60,99,158,190,165,112,63,31,14,6,3,0,0,0
0,0,0,1,7,29,71,125,170,185,165,132,113,110,122,155,195,205,171,117,71,39,21,11,4,0,0,0
0,0,0,1,9,33,76,126,169,187,182,170,162,163,173,195,215,208,168,116,72,41,24,12,4,0,0,0
0,0,0,1,8,30,65,103,137,154,159,157,158,162,177,199,209,190,146,96,57,33,17,9,3,0,0,0
0,0,0,0,5,21,42,64,81,93,97,100,104,119,146,174,179,151,107,65,37,19,9,4,1,0,0,0
0,0,0,0,2,9,19,29,35,39,42,48,61,86,120,144,143,115,75,44,23,11,5,2,0,0,0,0
0,0,0,0,1,3,7,9,11,13,17,28,48,78,107,122,117,93,61,35,18,9,3,1,0,0,0,0
0,0,0,0,0,1,2,3,4,7,14,29,53,78,98,106,101,80,55,33,17,8,3,1,0,0,0,0
0,0,0,0,0,0,0,1,4,9,20,37,59,77,89,94,89,72,52,33,18,9,4,1,0,0,0,0
0,0,0,0,0,0,0,2,6,13,26,43,60,72,79,84,79,66,49,33,19,10,4,1,0,0,0,0
0,0,0,0,0,0,0,2,7,14,27,41,53,61,67,72,67,56,43,30,18,9,3,1,0,0,0,0
0,0,0,0,0,0,0,2,5,11,20,28,34,38,43,46,41,34,26,18,11,5,2,0,0,0,0,0
0,0,0,0,0,0,0,0,1,4,6,7,8,10,12,12,10,7,5,3,1,0,0,0,0,0,0,0
0,0,0,0,0,0,0,0,0,0,0,0,0,0,0,0,0,0,0,0,0,0,0,0,0,0,0,0
0,0,0,0,0,0,0,0,0,0,0,0,0,0,0,0,0,0,0,0,0,0,0,0,0,0,0,0

0,0,0,0,0,0,0,0,0,0,0,0,0,0,0,0,0,0,0,0,0,0,0,0,0,0,0,0
0,0,0,0,0,0,0,0,0,0,0,0,0,0,0,0,0,0,0,0,0,0,0,0,0,0,0,0
0,0,0,0,0,0,0,0,0,0,0,0,0,0,0,0,0,0,0,0,0,0,0,0,0,0,0,0
0,0,0,0,0,0,0,0,0,0,0,0,0,1,2,2,3,2,2,2,2,2,1,0,0,0,0,0
0,0,0,0,0,0,0,0,1,3,6,10,14,18,22,26,29,28,27,24,22,19,15,10,4,1,0,0
0,0,0,0,0,0,1,3,8,15,26,39,51,63,73,79,82,83,80,74,67,57,46,32,18,5,0,0
0,0,0,0,0,0,3,8,18,33,53,75,95,112,123,128,128,127,123,113,102,88,74,56,34,13,2,0
0,0,0,0,0,1,6,14,29,52,78,104,124,137,142,141,138,134,127,118,107,95,80,65,43,18,3,0
0,0,0,0,0,2,8,19,40,67,95,119,132,134,130,122,116,111,104,96,88,78,66,55,39,19,4,0
0,0,0,0,0,3,10,24,50,81,110,130,133,123,108,93,83,76,69,62,55,49,42,36,26,13,2,0
0,0,0,0,0,4,13,31,61,99,128,142,134,111,88,70,58,47,39,32,26,22,19,16,12,6,1,0
0,0,0,0,1,5,16,37,73,117,150,159,141,113,87,69,55,41,28,18,11,8,6,5,3,2,0,0
0,0,0,0,1,6,18,43,84,132,170,175,154,127,105,89,75,59,41,24,12,5,2,1,0,0,0,0
0,0,0,0,1,6,18,44,85,134,169,174,157,138,123,109,97,83,65,43,23,10,4,1,0,0,0,0
0,0,0,0,0,5,15,36,71,112,141,147,140,129,120,113,105,98,84,61,37,18,7,2,1,0,0,0
0,0,0,0,0,4,11,25,47,73,92,97,96,96,97,99,102,103,96,77,50,26,12,4,1,0,0,0
0,0,0,0,1,6,13,19,28,39,47,49,53,59,70,82,93,102,102,87,58,33,17,7,2,0,0,0
0,0,0,0,3,13,23,25,24,24,23,24,27,36,53,72,90,102,103,90,64,38,19,8,2,0,0,0
0,0,0,0,6,22,40,44,37,29,24,22,26,36,53,75,94,106,104,88,64,39,20,9,2,0,0,0
0,0,0,0,7,29,56,69,65,54,45,41,43,52,69,89,105,112,105,85,61,37,19,8,2,0,0,0
0,0,0,0,6,28,61,86,97,95,87,81,79,86,99,113,122,120,105,80,53,30,15,5,1,0,0,0
0,0,0,0,4,21,51,86,112,126,129,126,125,129,135,139,135,120,94,65,40,21,9,3,0,0,0,0
0,0,0,0,2,11,32,63,96,123,142,153,156,156,154,144,125,97,69,43,24,10,4,1,0,0,0,0
0,0,0,0,1,5,16,35,59,86,109,127,136,135,125,105,81,56,34,19,9,4,1,0,0,0,0,0
0,0,0,0,0,1,5,12,22,36,48,58,65,63,55,42,28,18,11,5,2,1,0,0,0,0,0,0
0,0,0,0,0,0,0,2,4,6,9,11,11,10,8,6,4,3,1,0,0,0,0,0,0,0,0,0
0,0,0,0,0,0,0,0,0,0,0,0,0,0,0,0,0,0,0,0,0,0,0,0,0,0,0,0
0,0,0,0,0,0,0,0,0,0,0,0,0,0,0,0,0,0,0,0,0,0,0,0,0,0,0,0

0,0,0,0,0,0,0,0,0,0,0,0,0,0,0,0,0,0,0,0,0,0,0,0,0,0,0,0
0,0,0,0,0,0,0,0,0,0,1,1,1,1,1,1,1,1,1,0,0,0,0,0,0,0,0,0
0,0,0,0,0,0,0,1,2,4,7,11,16,23,29,33,34,31,25,19,11,5,2,0,0,0,0,0
0,0,0,0,0,0,0,2,4,9,15,24,35,49,64,77,79,75,64,47,29,15,7,2,1,0,0,0
0,0,0,0,0,0,1,3,7,14,24,36,52,72,91,104,106,95,77,54,32,17,8,3,1,0,0,0
0,0,0,0,0,0,1,4,10,20,32,48,71,93,110,117,109,89,65,42,24,12,6,2,1,0,0,0
0,0,0,0,0,0,2,6,14,26,43,65,90,110,120,115,94,66,43,24,13,6,3,1,0,0,0,0
0,0,0,0,0,0,3,9,19,35,56,83,108,123,121,101,70,41,21,11,6,3,2,0,0,0,0,0
0,0,0,0,0,1,4,12,26,47,73,102,123,128,111,77,45,21,10,6,5,3,2,1,0,0,0,0
0,0,0,0,0,1,6,17,36,59,91,120,135,124,91,52,25,12,10,10,9,7,4,2,0,0,0,0
0,0,0,0,0,1,9,22,46,75,111,137,138,109,66,34,20,19,22,23,21,17,10,5,1,0,0,0
0,0,0,0,0,3,12,29,57,94,131,148,130,89,50,33,36,45,51,50,43,34,22,11,4,0,0,0
0,0,0,0,0,4,15,37,72,114,148,151,117,75,52,59,78,92,96,89,76,58,37,20,7,1,0,0
0,0,0,0,0,5,19,46,88,132,158,146,105,76,83,109,131,140,136,124,105,80,53,29,12,2,0,0
0,0,0,0,0,6,24,56,103,148,164,139,103,98,124,152,162,156,146,137,122,95,65,36,15,3,0,0
0,0,0,0,0,6,27,65,115,158,164,137,113,124,150,158,146,132,128,134,130,104,70,38,16,3,0,0
0,0,0,0,0,7,30,70,122,164,167,142,126,135,144,130,107,99,116,137,135,104,67,35,14,3,0,0
0,0,0,0,0,7,29,70,123,167,176,156,137,133,126,104,92,106,136,152,135,96,56,27,10,2,0,0
0,0,0,0,0,6,24,62,114,163,188,178,154,138,126,118,128,151,168,157,119,76,39,16,5,1,0,0
0,0,0,0,0,4,17,46,94,148,191,201,187,171,165,170,182,187,171,132,87,48,21,7,2,0,0,0
0,0,0,0,0,2,9,27,62,113,166,201,212,211,209,206,195,169,129,84,46,21,8,2,0,0,0,0
0,0,0,0,0,0,3,11,29,60,103,145,175,188,185,166,136,98,61,33,15,6,1,0,0,0,0,0
0,0,0,0,0,0,0,2,6,14,29,47,63,72,70,58,42,26,14,6,2,1,0,0,0,0,0,0
0,0,0,0,0,0,0,0,0,1,2,3,5,7,7,5,3,2,1,0,0,0,0,0,0,0,0,0
0,0,0,0,0,0,0,0,0,0,0,0,0,0,0,0,0,0,0,0,0,0,0,0,0,0,0,0
0,0,0,0,0,0,0,0,0,0,0,0,0,0,0,0,0,0,0,0,0,0,0,0,0,0,0,0
0,0,0,0,0,0,0,0,0,0,0,0,0,0,0,0,0,0,0,0,0,0,0,0,0,0,0,0
0,0,0,0,0,0,0,0,0,0,0,0,0,0,0,0,0,0,0,0,0,0,0,0,0,0,0,0

0,0,0,0,0,0,0,0,0,0,0,0,0,0,0,0,0,0,0,0,0,0,0,0,0,0,0,0
0,0,0,0,0,0,0,0,0,0,0,0,0,0,0,0,0,0,0,0,0,0,0,0,0,0,0,0
0,0,0,0,0,0,0,0,0,0,0,0,0,0,0,0,0,0,0,0,0,0,0,0,0,0,0,0
0,0,0,0,0,0,0,0,0,0,0,0,0,0,0,0,0,0,0,0,0,0,0,0,0,0,0,0
0,0,0,0,0,0,0,0,0,0,0,0,0,0,0,0,0,0,0,0,0,0,0,0,0,0,0,0
0,0,0,0,0,0,0,1,1,2,2,2,2,2,2,2,2,1,0,0,0,0,0,0,0,0,0,0
0,0,0,0,1,2,5,9,14,18,23,26,28,29,30,29,28,25,20,15,9,6,2,0,0,0,0,0
0,0,0,2,7,15,27,40,56,71,85,95,103,108,110,112,112,108,95,75,50,28,14,5,1,0,0,0
0,0,3,8,18,35,56,81,106,132,154,169,177,181,184,185,186,182,165,133,90,52,25,10,2,0,0,0
0,0,4,13,27,47,72,102,132,158,176,183,182,178,176,178,188,196,188,158,109,63,30,10,2,0,0,0
0,0,4,12,26,44,68,95,120,137,144,137,124,114,110,117,143,174,183,158,107,60,26,8,1,0,0,0
0,0,3,9,19,33,51,71,90,99,95,78,61,51,50,66,109,158,177,148,95,48,19,4,0,0,0,0
0,0,2,5,11,22,35,51,64,67,56,38,23,17,22,50,110,165,174,134,77,34,12,2,0,0,0,0
0,0,1,3,8,15,25,36,44,43,31,17,8,8,20,63,132,178,166,114,58,23,7,2,0,0,0,0
0,0,0,1,5,11,17,25,29,26,18,11,8,12,34,93,162,186,153,92,43,17,7,2,0,0,0,0
0,0,0,0,2,7,12,16,18,17,15,14,16,26,62,132,184,182,132,72,34,15,7,3,1,0,0,0
0,0,0,0,1,4,7,10,12,14,16,19,26,47,99,163,189,161,103,53,25,13,6,3,1,0,0,0
0,0,0,0,1,2,3,5,8,11,15,21,34,71,132,177,176,130,74,36,16,8,4,1,0,0,0,0
0,0,0,0,0,0,1,3,5,8,13,24,49,99,152,174,148,97,50,23,10,4,2,1,0,0,0,0
0,0,0,0,0,0,0,1,3,6,14,33,71,120,158,156,117,70,34,15,6,2,0,0,0,0,0,0
0,0,0,0,0,0,0,1,4,9,23,51,93,133,151,132,92,52,25,10,4,1,0,0,0,0,0,0
0,0,0,0,0,0,1,3,7,18,39,73,109,134,135,109,73,42,20,8,3,0,0,0,0,0,0,0
0,0,0,0,0,1,2,6,15,32,58,88,115,126,117,92,61,35,17,7,2,0,0,0,0,0,0,0
0,0,0,0,0,2,5,11,24,44,71,96,112,114,101,77,51,31,15,7,2,0,0,0,0,0,0,0
0,0,0,0,0,3,7,16,32,53,76,95,103,101,86,66,44,28,14,7,2,0,0,0,0,0,0,0
0,0,0,0,0,2,7,16,31,49,66,80,84,80,68,52,36,23,12,6,2,0,0,0,0,0,0,0
0,0,0,0,0,0,3,9,17,25,34,42,45,44,38,29,21,14,8,4,1,0,0,0,0,0,0,0
0,0,0,0,0,0,0,0,1,1,2,3,4,5,6,5,4,3,1,0,0,0,0,0,0,0,0,0

0,0,0,0,0,0,0,0,0,0,0,0,0,0,0,0,0,0,0,0,0,0,0,0,0,0,0,0
0,0,0,0,0,0,0,0,0,0,0,0,0,0,0,0,0,0,0,0,0,0,0,0,0,0,0,0
0,0,0,0,0,0,0,0,0,0,0,0,0,0,0,0,0,0,0,0,0,0,0,0,0,0,0,0
0,0,0,0,0,0,0,0,0,0,0,0,0,0,0,0,0,0,0,0,0,0,0,0,0,0,0,0
0,0,0,0,0,0,0,0,0,1,3,7,13,21,29,34,34,30,23,17,11,6,3,1,0,0,0,0
0,0,0,0,0,0,0,1,4,11,22,42,68,97,120,135,139,129,105,78,52,32,17,8,3,1,0,0
0,0,0,0,0,0,2,7,17,35,61,97,133,162,180,188,186,175,153,123,90,58,35,18,8,2,0,0
0,0,0,0,0,2,6,17,36,64,99,135,161,171,166,159,153,151,150,135,108,77,49,28,12,3,1,0
0,0,0,0,1,4,12,28,52,86,123,147,154,138,114,99,98,109,129,134,116,87,58,33,15,5,0,0
0,0,0,0,2,6,16,34,64,100,132,143,130,97,68,57,69,96,125,135,119,89,57,32,15,4,0,0
0,0,0,0,2,6,17,37,67,104,132,137,115,78,53,53,77,112,139,138,111,78,46,24,11,4,0,0
0,0,0,0,1,6,16,34,63,100,130,139,123,92,73,83,114,145,150,128,91,56,31,15,7,2,0,0
0,0,0,0,1,4,12,27,51,86,121,143,147,131,121,137,161,164,140,100,61,33,17,8,3,1,0,0
0,0,0,0,0,2,7,17,36,66,103,141,171,178,177,188,184,153,107,65,35,18,8,4,1,0,0,0
0,0,0,0,0,1,3,10,23,47,85,135,182,207,213,207,174,121,72,40,21,11,5,2,1,0,0,0
0,0,0,0,0,0,2,7,19,43,83,137,189,213,212,192,149,96,55,32,18,10,5,2,1,0,0,0
0,0,0,0,0,0,3,10,27,56,101,152,186,190,178,159,129,90,57,36,21,12,6,3,1,0,0,0
0,0,0,0,0,1,6,19,44,83,129,161,167,148,134,128,116,92,66,43,26,15,8,4,1,0,0,0
0,0,0,0,0,3,12,32,66,109,143,152,131,104,98,108,110,95,73,50,30,17,10,4,1,0,0,0
0,0,0,0,1,6,19,46,85,124,141,128,99,76,81,100,110,100,79,55,33,19,10,4,0,0,0,0
0,0,0,0,1,8,26,56,93,126,133,114,92,79,90,109,116,104,82,56,34,18,9,3,0,0,0,0
0,0,0,0,1,9,28,59,94,125,137,132,122,120,127,133,128,108,80,52,30,14,6,2,0,0,0,0
0,0,0,0,0,7,25,52,87,122,152,169,178,176,171,157,132,100,67,39,20,9,3,0,0,0,0,0
0,0,0,0,0,4,15,36,65,99,134,166,184,184,167,139,104,70,41,21,10,4,1,0,0,0,0,0
0,0,0,0,0,0,5,14,29,48,70,89,101,100,87,66,45,26,13,7,3,1,0,0,0,0,0,0
0,0,0,0,0,0,0,1,2,3,5,7,8,9,9,7,4,2,1,0,0,0,0,0,0,0,0,0
0,0,0,0,0,0,0,0,0,0,0,0,0,0,0,0,0,0,0,0,0,0,0,0,0,0,0,0
0,0,0,0,0,0,0,0,0,0,0,0,0,0,0,0,0,0,0,0,0,0,0,0,0,0,0,0

0,0,0,0,0,0,0,0,0,0,0,0,0,0,0,0,0,0,0,0,0,0,0,0,0,0,0,0
0,0,0,0,0,0,0,0,0,0,0,0,0,0,0,0,0,0,0,0,0,0,0,0,0,0,0,0
0,0,0,0,0,0,0,0,0,0,0,0,0,0,0,0,0,0,0,0,0,0,0,0,0,0,0,0
0,0,0,0,0,0,0,0,0,0,0,0,0,0,0,0,0,0,0,0,0,0,0,0,0,0,0,0
0,0,0,0,0,0,0,0,0,0,0,0,0,0,0,0,0,0,0,0,0,0,0,0,0,0,0,0
0,0,0,0,0,0,0,0,0,0,1,4,7,9,11,11,10,8,5,3,1,0,0,0,0,0,0,0
0,0,0,0,0,0,0,0,2,6,15,30,51,77,98,109,103,83,59,35,18,7,2,0,0,0,0,0
0,0,0,0,0,0,1,4,11,27,53,92,135,171,193,199,188,158,116,74,41,19,6,2,0,0,0,0
0,0,0,0,0,1,5,13,32,63,111,156,183,189,180,173,171,162,136,97,58,29,11,3,0,0,0,0
0,0,0,0,0,3,11,27,61,110,156,175,160,127,99,95,114,137,137,109,69,34,13,4,0,0,0,0
0,0,0,0,2,7,20,47,94,143,167,146,98,57,40,54,93,134,148,123,77,37,13,3,0,0,0,0
0,0,0,0,3,12,29,67,120,157,149,102,51,26,29,58,110,158,167,133,79,35,12,3,0,0,0,0
0,0,0,0,5,15,38,82,131,154,128,76,40,35,54,94,149,188,179,128,68,27,9,2,0,0,0,0
0,0,0,1,6,17,42,87,133,147,121,83,68,77,104,145,188,208,176,111,51,19,6,1,0,0,0,0
0,0,0,0,5,16,41,81,125,143,133,116,115,126,147,174,205,209,158,85,35,12,4,1,0,0,0,0
0,0,0,0,4,13,33,66,106,132,139,138,140,142,150,174,204,195,132,62,24,9,3,1,0,0,0,0
0,0,0,0,2,9,22,44,75,102,117,121,118,115,127,164,194,171,105,46,18,7,3,0,0,0,0,0
0,0,0,0,1,5,12,24,41,59,71,74,73,80,110,158,176,143,83,37,15,6,2,0,0,0,0,0
0,0,0,0,0,2,5,10,18,25,32,36,43,64,108,148,152,117,67,33,14,6,2,0,0,0,0,0
0,0,0,0,0,0,2,4,6,9,13,20,36,69,112,136,128,96,58,30,14,6,2,1,0,0,0,0
0,0,0,0,0,0,1,1,3,5,10,22,46,82,113,121,108,83,52,29,14,6,3,1,0,0,0,0
0,0,0,0,0,0,0,1,3,8,17,35,61,91,109,106,94,73,47,28,14,6,3,1,0,0,0,0
0,0,0,0,0,0,0,2,6,14,29,49,75,94,100,92,83,67,45,27,14,7,4,1,0,0,0,0
0,0,0,0,0,0,1,4,11,22,39,60,79,89,89,81,75,62,44,27,15,8,4,2,0,0,0,0
0,0,0,0,0,0,2,6,13,26,43,60,74,77,75,69,66,55,41,27,16,8,4,2,0,0,0,0
0,0,0,0,0,0,2,5,12,21,35,47,55,56,52,49,47,40,29,19,11,6,2,1,0,0,0,0
0,0,0,0,0,0,0,1,3,5,8,13,16,16,15,14,14,11,8,5,3,1,0,0,0,0,0,0
0,0,0,0,0,0,0,0,0,0,0,0,0,0,0,0,0,0,0,0,0,0,0,0,0,0,0,0

