134 137 28 116 144 86 137 43 100 122 63 128 141 110 114 77 91 127 23 137 12 69 118 130 33 81 63 74 68 86 30 103 73 109 120 118 44 107 62 143 130 124 22 120 135 38 99 75 66 121 114 77 92 81 57 124 63 21 47 32 106 76 135 28 87 6 47 130 14 108 25 46 133 46 15 118 135 15 94 51 38 109 127 129 39 85 4 102 105 50 133 61 27 19 140 113 77 37 145 90 46 71 135 29 18 52 48 3 118 43 53 57 2 81 87 92 16 90 95 120 41 130 82 68 148 72 82 126 10 128 118 107 48 4 37 66 107 84 120 75 29 22 33 30 4 120 121 19 59 66
41 100 97 24 69 146 147 52 122 6 30 89 15 129 92 51 44 101 135 65 25 65 138 57 94 142 78 116 10 137 83 102 138 29 126 108 25 122 9 146 30 38 136 44 69 129 94 112 79 130 27 5 44 14 114 39 57 41 5 119 79 139 70 118 18 97 75 94 121 84 141 150 23 126 95 91 6 90 105 137 70 33 43 15 98 58 106 5 99 12 123 79 150 94 47 69 41 23 12 11 106 2 62 31 29 6 121 87 95 127 73 66 9 17 133 9 75 88 13 75 1 37 3 150 130 101 69 72 124 132 82 131 134 45 11 64 50 132 150 47 10 124 14 19 141 146 27 117 135 91
41 135 127 43 37 8 46 7 80 19 138 63 149 23 10 10 87 111 43 138 7 52 14 73 122 56 120 50 22 105 140 62 141 18 6 79 78 51 85 59 121 125 23 120 147 32 31 135 143 73 123 51 26 136 123 50 41 93 99 114 99 141 25 141 60 82 70 137 133 56 45 5 30 120 124 27 1 56 11 143 30 35 44 56 72 68 105 14 62 105 127 10 95 53 53 57 135 122 43 19 79 140 23 109 109 49 37 109 104 99 4 134 134 99 91 55 68 97 69 130 51 97 139 48 150 41 104 134 64 48 54 143 37 76 3 47 26 39 58 130 137 61 15 22 61 105 129 128 51 99
107 3 45 148 50 44 90 3 79 4 51 132 48 139 110 102 36 135 140 93 16 28 55 30 50 115 36 80 144 86 28 101 89 72 150 40 18 89 43 96 144 145 130 41 133 141 142 70 27 33 12 43 61 118 124 12 82 10 91 76 147 118 78 85 91 77 125 108 15 69 106 9 63 137 101 97 127 145 17 3 79 80 97 41 48 71 52 31 132 44 8 128 63 137 115 56 63 141 13 130 111 20 40 75 6 42 21 34 88 89 89 17 71 35 57 118 7 11 50 138 106 110 18 19 96 34 74 9 24 138 40 134 8 79 58 65 22 130 1 110 69 89 126 139 25 84 8 32 94 109
71 50 68 140 120 14 23 95 74 98 82 113 133 141 93 92 108 16 72 108 125 42 98 2 82 122 138 141 55 81 99 126 32 17 17 53 82 40 147 5 39 131 19 22 121 13 113 130 28 86 87 55 127 34 108 110 58 95 100 112 78 101 87 11 19 6 64 100 45 112 6 135 92 76 6 115 140 119 94 69 106 83 123 83 18 81 94 75 77 44 37 4 144 25 15 64 30 78 13 126 39 70 111 33 145 18 147 36 38 142 104 144 74 129 76 92 111 19 68 37 114 6 41 9 31 55 72 112 34 136 140 124 55 2 6 101 19 54 136 57 46 90 50 21 68 27 14 28 97 82
116 61 87 6 121 19 112 43 33 47 80 22 21 135 23 78 85 41 34 123 149 131 114 48 1 31 74 15 110 73 148 75 133 136 133 5 5 94 99 37 141 29 110 63 13 34 42 149 74 75 23 73 55 136 22 108 16 148 122 27 70 119 102 104 104 84 108 10 79 57 98 121 85 109 85 149 142 127 49 66 103 72 40 60 57 61 17 125 110 40 1 29 60 4 132 65 139 90 127 68 48 74 38 132 33 123 32 76 1 80 141 5 1 82 64 58 45 132 32 4 21 84 33 132 88 66 47 76 5 23 143 52 148 83 85 82 107 116 8 9 46 50 13 98 34 77 5 78 110 88
133 33 22 67 14 11 133 112 86 137 36 131 91 34 115 77 17 71 43 76 79 140 126 91 87 61 69 144 138 29 133 22 61 56 89 126 66 71 88 54 109 123 34 101 58 148 28 127 120 122 52 100 111 79 40 99 139 11 144 28 91 127 50 53 32 138 28 150 58 17 53 68 42 86 19 99 135 46 127 6 17 29 105 29 9 144 29 148 56 23 25 146 51 126 48 134 113 128 133 72 144 35 140 35 22 60 36 58 105 12 63 23 92 17 103 101 63 33 150 118 55 24 16 7 52 115 141 14 92 123 138 138 60 29 22 81 88 57 41 42 121 103 116 62 120 68 12 84 2 63
51 57 139 118 115 40 83 105 105 76 130 92 63 39 120 137 21 57 95 61 150 65 66 115 127 87 84 40 20 86 103 122 44 91 90 60 32 74 15 136 149 46 78 114 84 99 100 6 6 44 119 57 11 34 74 137 22 59 78 41 46 82 12 141 74 101 51 105 76 65 143 75 110 70 90 95 70 39 2 127 134 120 34 144 55 107 32 76 67 12 18 113 93 30 103 69 32 3 75 108 119 67 84 78 38 23 74 108 113 76 84 148 97 19 142 54 27 75 31 94 86 49 56 81 130 60 149 11 63 125 20 31 42 103 11 131 27 84 140 41 9 74 39 8 144 82 61 21 6 91
114 92 139 71 22 118 130 72 31 94 46 50 125 139 55 37 120 133 120 11 24 31 84 114 38 130 45 150 150 102 90 15 43 131 137 116 150 116 37 82 112 135 34 138 123 88 24 144 70 143 5 145 75 140 10 14 119 54 13 20 6 5 34 100 135 20 66 36 38 4 20 51 138 53 38 13 140 61 6 111 105 62 8 30 104 17 43 72 123 56 144 30 112 79 129 148 1 96 33 38 100 52 140 87 104 27 99 145 87 7 8 93 68 15 122 21 31 67 145 55 24 138 84 135 118 63 132 118 60 66 57 9 20 46 96 123 72 96 20 60 102 27 3 72 41 26 144 123 92 40
28 17 79 13 1 47 75 34 14 37 100 71 45 119 116 42 143 90 138 64 149 141 90 53 114 32 79 108 5 72 147 84 89 76 96 141 122 73 77 135 109 26 107 3 46 73 97 90 12 84 4 62 126 93 17 90 125 95 47 31 68 95 114 58 20 111 101 43 33 27 80 141 104 36 46 149 108 142 88 21 127 91 135 102 34 1 93 60 147 41 90 64 136 105 24 57 65 124 2 150 52 81 140 5 116 87 3 126 130 142 48 8 135 32 12 70 32 104 129 28 145 120 144 32 74 69 88 40 94 89 39 145 71 81 149 37 69 53 64 49 96 111 56 80 143 67 149 76 73 29
104 67 148 149 98 123 67 87 13 10 78 51 4 148 33 54 86 102 8 149 150 5 12 107 85 4 76 135 79 148 14 84 116 11 82 115 36 148 51 48 59 30 150 114 80 85 17 15 36 76 66 87 81 77 43 67 80 20 103 60 17 116 46 34 29 127 148 64 27 101 13 137 130 64 101 59 148 117 126 33 95 41 21 77 19 116 45 150 135 147 59 54 113 104 87 43 133 85 8 61 35 20 47 66 135 147 125 133 16 2 67 12 94 88 88 112 53 132 111 89 30 71 142 44 25 79 86 59 13 93 21 47 14 67 112 51 116 138 85 33 41 1 44 134 140 131 95 94 14 55
33 95 126 24 139 52 102 74 12 16 69 32 114 134 150 128 86 115 115 20 147 58 73 92 41 62 124 38 58 137 144 90 82 21 15 122 72 19 97 135 34 15 68 148 51 68 125 136 84 141 58 133 100 130 74 141 93 48 80 150 86 73 141 69 94 6 40 67 76 137 104 11 53 21 8 5 88 34 141 22 77 48 56 78 79 129 120 21 78 49 21 14 122 11 134 117 68 24 33 143 62 136 4 114 59 63 119 146 149 11 69 127 110 124 54 38 5 24 58 82 124 130 147 95 43 131 113 110 56 48 5 117 85 60 132 143 24 2 139 22 64 109 50 23 135 6 112 41 81 72
24 54 51 21 51 93 53 13 105 108 60 109 126 145 18 9 137 41 11 27 115 74 38 66 149 22 71 110 114 1 83 137 55 134 59 7 128 111 19 82 120 79 92 147 125 109 6 111 52 16 40 68 141 77 133 139 150 106 1 113 8 83 99 62 118 8 120 148 20 139 79 140 119 21 136 93 31 43 105 134 58 144 51 101 122 86 89 121 41 141 135 48 126 84 12 145 143 131 142 64 21 71 105 139 143 143 81 23 35 36 59 145 81 109 95 53 96 85 23 38 76 8 86 103 143 149 97 37 31 141 100 52 113 107 40 105 99 23 29 133 58 139 127 138 98 71 40 95 6 115
133 133 24 120 137 16 118 135 104 50 125 105 101 87 61 43 93 9 65 24 142 122 12 20 11 11 91 103 106 148 67 140 32 90 109 18 7 76 2 12 125 29 116 128 17 27 20 12 35 84 87 78 107 150 98 117 11 90 121 18 87 37 59 118 28 17 37 86 144 38 97 20 118 63 147 135 141 68 146 25 1 82 103 9 81 102 126 143 41 148 62 127 35 120 146 114 136 32 102 31 121 48 51 89 12 47 125 2 115 120 79 17 103 83 26 33 34 53 78 74 50 41 102 136 11 97 100 48 30 103 79 150 150 129 140 64 77 114 117 41 135 45 110 87 127 135 22 10 89 1
135 40 41 86 26 51 32 27 1 113 129 79 15 30 109 4 145 35 20 112 128 56 58 87 143 35 123 66 96 61 66 133 100 8 68 27 59 2 53 111 114 83 39 128 15 147 34 9 31 105 120 8 10 28 146 2 114 118 119 111 80 86 93 82 94 63 108 54 64 63 14 79 47 52 57 61 100 142 70 32 96 91 40 105 20 87 9 133 55 127 146 134 115 88 65 58 52 75 111 115 39 124 44 85 77 2 146 26 45 117 57 140 57 148 146 77 85 4 111 41 33 106 24 49 96 141 106 147 117 118 14 5 91 109 141 69 12 136 94 56 102 52 45 61 102 92 39 36 148 149
76 82 7 1 130 102 43 85 150 61 52 65 65 44 23 56 112 34 93 107 141 97 60 87 59 11 29 97 98 26 95 75 107 101 76 86 104 20 72 6 81 25 70 47 68 145 4 81 80 97 37 71 95 96 59 3 9 87 99 106 14 95 31 22 98 8 9 51 79 80 108 9 104 80 108 73 126 111 3 55 109 91 27 53 37 86 107 97 74 55 52 88 52 134 11 149 43 20 101 122 1 59 32 7 138 139 79 113 2 134 69 110 74 96 65 12 83 73 108 58 30 62 145 81 45 58 79 88 77 29 111 129 87 142 135 126 33 116 140 34 99 59 45 74 56 11 86 40 84 95
97 113 6 144 43 51 51 121 40 29 51 150 7 138 43 142 15 75 9 5 10 9 115 55 82 20 117 69 111 50 14 57 64 19 50 106 121 2 128 62 30 29 113 37 68 6 80 134 80 140 138 90 148 4 46 131 75 12 50 35 62 115 144 27 35 43 133 58 97 12 119 126 92 82 64 61 87 45 45 68 86 84 59 83 88 104 116 64 18 15 99 131 31 92 7 65 36 139 24 132 53 143 10 46 126 125 107 114 72 53 31 7 136 142 90 125 95 107 39 112 121 39 92 53 130 99 19 67 139 43 101 93 35 110 139 62 136 147 25 57 49 107 64 86 98 55 113 95 11 53
108 33 91 102 137 122 50 5 90 90 47 40 85 133 51 73 44 37 69 120 93 19 77 58 104 76 14 66 20 76 20 128 10 110 131 146 133 82 1 73 21 47 14 7 30 65 79 125 101 49 95 95 119 73 55 73 148 68 40 70 144 60 99 55 71 79 51 106 10 51 80 82 149 93 89 28 7 69 55 9 20 149 104 138 71 8 112 120 127 54 91 22 15 39 77 137 117 127 92 28 79 73 110 77 16 100 105 74 18 9 83 89 59 88 77 31 95 90 52 123 143 143 145 7 31 123 144 50 99 137 129 27 60 88 103 127 89 109 50 9 19 132 97 129 121 75 9 65 15 113
90 7 105 136 66 135 108 111 86 108 97 65 134 6 54 138 34 143 149 84 1 69 117 97 100 88 22 10 54 88 122 143 94 76 128 61 113 137 21 48 94 118 112 129 25 68 117 59 60 17 44 60 137 10 58 86 97 131 96 53 68 67 97 64 143 75 124 7 61 145 54 57 14 68 35 90 135 53 50 44 69 93 5 56 5 114 43 3 95 138 55 12 107 2 127 99 128 101 105 90 147 60 146 62 127 31 53 13 83 103 108 54 97 112 11 101 128 53 104 72 41 8 135 49 61 112 49 38 114 55 128 12 114 25 125 143 55 27 5 40 129 15 93 76 28 103 78 5 5 31
76 97 91 61 145 1 74 43 91 89 97 120 100 113 144 126 105 49 2 11 88 33 25 30 10 53 34 87 57 38 118 35 37 110 147 31 110 70 126 102 8 124 71 9 86 65 134 40 15 37 103 4 69 127 33 78 81 118 67 138 5 34 22 93 45 18 26 56 139 1 8 48 124 78 108 60 44 143 1 58 29 103 61 98 132 145 77 62 112 143 49 19 78 122 111 122 41 38 80 81 38 87 30 64 14 137 25 110 129 25 17 60 30 78 59 11 72 135 124 86 30 75 104 9 46 116 33 139 4 112 69 93 48 1 6 113 137 82 72 18 9 89 77 38 68 135 100 41 21 73
