30 1319
20131029 12 97 22 87
20131029 16 107 5 95
20131029 14 116 13 103
20131030 6 98 3 94
20131030 23 114 16 110
20131030 28 93 2 87
20131030 9 113 30 102
20131030 20 90 17 83
20131030 11 96 4 83
20131030 18 120 22 115
20131030 12 95 19 90
20131030 7 118 1 109
20131030 27 101 15 94
20131030 21 101 29 98
20131030 24 104 25 91
20131030 26 90 8 88
20131030 10 125 14 94
20131031 5 82 20 81
20131031 13 126 10 115
20131101 4 90 6 84
20131101 22 110 19 90
20131101 23 109 30 102
20131101 1 102 28 95
20131101 17 105 2 98
20131101 3 101 16 100
20131101 11 113 7 105
20131101 15 111 9 108
20131101 18 100 21 81
20131101 25 113 8 98
20131101 24 87 29 84
20131101 13 110 26 101
20131101 27 91 14 85
20131102 12 89 6 74
20131102 23 107 5 104
20131102 19 105 4 84
20131102 7 111 15 99
20131102 28 97 17 90
20131102 11 104 29 93
20131102 25 115 27 105
20131102 10 98 26 87
20131103 9 87 2 77
20131103 16 103 30 93
20131103 22 107 3 86
20131103 21 103 24 96
20131103 18 109 20 100
20131103 14 105 1 103
20131104 6 93 18 92
20131104 10 110 23 90
20131104 15 95 2 88
20131104 13 137 11 118
20131105 16 104 28 95
20131105 3 104 29 88
20131105 12 99 9 91
20131105 4 102 20 97
20131105 24 104 19 98
20131105 7 123 14 104
20131105 27 102 8 94
20131105 11 116 25 101
20131105 1 105 26 100
20131106 4 92 28 90
20131106 12 97 5 80
20131106 22 98 13 90
20131106 30 116 23 102
20131106 2 97 29 87
20131106 19 99 15 84
20131106 17 109 6 104
20131106 10 106 18 93
20131106 27 99 24 96
20131106 21 107 7 93
20131107 16 102 13 97
20131107 8 109 1 107
20131107 14 99 11 98
20131108 20 101 4 91
20131108 12 91 28 84
20131108 2 91 22 89
20131108 23 94 6 79
20131108 30 112 3 108
20131108 21 119 9 110
20131108 5 97 29 73
20131108 18 116 7 108
20131108 19 96 14 85
20131108 27 76 10 74
20131108 24 114 8 103
20131108 25 104 26 91
20131109 28 115 29 91
20131109 1 104 22 94
20131109 12 96 3 91
20131109 6 127 23 125
20131109 2 111 16 110
20131109 13 107 11 94
20131109 15 108 10 90
20131109 7 91 17 83
20131109 25 96 26 85
20131110 27 120 20 89
20131110 21 106 30 105
20131110 24 101 19 94
20131110 18 113 14 90
20131111 1 103 4 94
20131111 12 95 15 79
20131111 27 109 23 85
20131111 2 120 22 105
20131111 5 96 6 81
20131111 11 110 28 104
20131111 8 100 29 81
20131111 25 109 9 103
20131111 13 109 18 107
20131112 16 118 17 95
20131112 7 105 30 95
20131112 10 113 9 95
20131112 14 116 19 95
20131113 22 94 17 91
20131113 23 123 11 117
20131113 4 89 2 83
20131113 20 95 1 91
20131113 28 103 15 87
20131113 18 124 6 95
20131113 27 92 30 79
20131113 8 111 14 99
20131113 29 111 19 105
20131113 25 90 24 89
20131113 26 107 3 86
20131113 13 111 21 103
20131114 11 109 20 106
20131114 10 116 21 115
20131115 12 104 17 77
20131115 5 96 28 80
20131115 1 113 23 103
20131115 25 109 2 96
20131115 4 86 6 80
20131115 16 110 7 104
20131115 8 117 18 113
20131115 3 100 24 98
20131115 27 91 29 82
20131115 15 89 14 86
20131115 9 97 26 90
20131116 16 97 4 81
20131116 7 108 22 100
20131116 6 103 30 96
20131116 1 110 20 90
20131116 5 110 12 94
20131116 11 122 8 111
20131116 18 106 2 88
20131116 19 135 23 98
20131116 21 92 17 79
20131116 10 102 29 88
20131116 13 110 3 103
20131117 25 118 28 110
20131117 15 97 26 86
20131117 14 114 9 99
20131118 25 108 3 98
20131118 5 86 4 81
20131118 21 115 8 113
20131118 7 97 23 94
20131118 10 98 29 87
20131118 15 106 13 102
20131119 30 104 18 100
20131119 9 92 20 86
20131119 16 104 1 88
20131119 11 109 2 85
20131119 26 107 24 104
20131120 4 95 3 91
20131120 30 98 6 91
20131120 12 103 20 96
20131120 16 120 22 92
20131120 28 108 23 98
20131120 1 93 9 85
20131120 25 91 17 82
20131120 13 102 18 98
20131120 19 105 29 98
20131120 27 104 2 93
20131120 26 113 24 106
20131120 7 123 11 120
20131120 15 88 10 81
20131121 21 105 13 91
20131121 8 97 5 87
20131122 24 98 4 91
20131122 23 115 17 107
20131122 28 96 30 88
20131122 12 97 2 82
20131122 1 96 9 89
20131122 27 102 15 86
20131122 18 111 3 81
20131122 19 104 6 100
20131122 7 103 29 93
20131122 25 98 5 95
20131122 14 102 10 95
20131123 13 103 26 102
20131123 12 106 23 98
20131123 30 98 20 89
20131123 2 94 1 87
20131123 16 101 22 99
20131123 11 112 18 101
20131123 4 96 17 72
20131123 27 126 6 96
20131123 8 102 7 100
20131123 25 113 10 101
20131124 9 109 3 97
20131124 13 121 5 82
20131124 24 104 22 96
20131124 21 95 29 73
20131124 14 100 26 86
20131125 2 96 4 86
20131125 12 98 18 84
20131125 9 113 17 94
20131125 16 107 24 92
20131125 11 93 15 86
20131125 8 110 7 96
20131125 27 112 19 93
20131125 29 89 5 83
20131125 25 102 20 91
20131126 3 102 28 100
20131126 30 116 14 111
20131126 22 109 1 92
20131126 10 102 19 101
20131127 12 99 4 74
20131127 22 105 23 94
20131127 15 100 2 93
20131127 14 99 3 94
20131127 16 95 6 84
20131127 5 99 9 79
20131127 11 113 1 84
20131127 30 100 17 92
20131127 8 117 18 110
20131127 21 94 27 88
20131127 7 103 10 99
20131127 24 120 25 106
20131127 13 93 20 80
20131129 4 92 17 76
20131129 27 109 22 91
20131129 16 90 28 83
20131129 1 88 7 87
20131129 2 103 6 86
20131129 14 106 9 102
20131129 11 114 3 95
20131129 12 93 30 73
20131129 21 113 10 112
20131129 19 121 23 105
20131129 8 97 20 95
20131129 24 112 29 101
20131129 13 104 26 98
20131130 30 108 1 101
20131130 6 97 5 93
20131130 3 97 15 88
20131130 18 112 7 106
20131130 11 112 27 106
20131130 17 92 2 85
20131130 29 112 24 104
20131201 8 112 28 98
20131201 9 115 23 100
20131201 12 105 13 100
20131201 16 99 4 98
20131201 10 115 26 113
20131201 21 113 18 103
20131201 19 103 20 99
20131201 25 114 14 108
20131202 30 98 22 80
20131202 19 131 5 128
20131202 27 102 1 100
20131202 29 109 11 103
20131202 25 106 12 102
20131203 23 126 22 125
20131203 2 108 17 100
20131203 8 111 3 87
20131203 9 107 16 97
20131203 15 110 24 91
20131203 7 89 4 82
20131203 21 97 26 95
20131203 10 112 28 103
20131204 6 98 8 88
20131204 1 107 13 97
20131204 24 97 11 88
20131204 9 105 17 98
20131204 7 100 19 97
20131204 12 95 29 86
20131204 25 111 21 104
20131205 20 113 3 83
20131205 13 101 15 81
20131205 5 107 16 87
20131206 4 105 23 88
20131206 17 109 30 105
20131206 1 108 6 89
20131206 2 106 8 98
20131206 20 121 22 83
20131206 11 105 10 83
20131206 21 109 19 95
20131206 24 106 28 97
20131206 25 130 29 98
20131206 14 106 26 100
20131207 8 103 23 92
20131207 6 88 13 82
20131207 9 92 5 75
20131207 10 108 15 82
20131207 16 103 18 82
20131207 3 90 17 82
20131207 12 111 27 100
20131207 26 112 29 102
20131207 7 108 25 106
20131208 2 114 20 73
20131208 16 110 9 95
20131208 11 98 22 88
20131208 21 118 12 94
20131208 28 106 14 94
20131209 4 115 10 111
20131209 13 94 23 83
20131209 8 75 30 74
20131209 15 94 22 85
20131209 25 105 29 94
20131209 26 112 7 97
20131210 6 109 20 94
20131210 12 90 16 84
20131210 27 116 28 103
20131210 21 101 1 92
20131210 3 104 2 96
20131210 18 121 9 94
20131210 17 78 5 74
20131210 24 114 14 108
20131211 22 92 4 83
20131211 13 96 2 88
20131211 21 116 15 100
20131211 27 109 17 77
20131211 18 106 23 99
20131211 19 111 9 106
20131211 20 83 5 78
20131211 29 122 26 101
20131211 10 95 7 93
20131212 3 102 13 93
20131212 25 111 11 104
20131213 12 99 4 94
20131213 6 109 22 100
20131213 28 108 23 100
20131213 1 101 30 99
20131213 2 90 20 86
20131213 9 103 3 99
20131213 19 104 15 98
20131213 21 122 14 97
20131213 5 91 17 90
20131213 27 117 18 110
20131213 29 103 8 93
20131213 24 116 26 107
20131213 11 116 10 112
20131214 14 88 4 85
20131214 13 113 30 97
20131214 16 114 6 107
20131214 20 111 1 106
20131214 28 99 5 77
20131214 25 139 23 105
20131214 7 106 17 93
20131214 27 100 29 84
20131215 25 111 9 109
20131215 18 101 15 93
20131215 26 106 11 91
20131215 21 101 22 98
20131215 8 102 19 93
20131215 24 106 10 102
20131216 9 101 12 96
20131216 1 114 14 100
20131216 2 101 18 97
20131216 3 130 23 94
20131216 16 117 29 94
20131216 30 102 20 101
20131216 22 83 5 82
20131216 13 115 27 92
20131217 4 95 26 87
20131217 25 119 6 116
20131217 14 96 15 92
20131217 21 105 8 93
20131217 10 104 19 93
20131218 16 97 12 94
20131218 29 86 22 82
20131218 4 104 28 102
20131218 1 124 26 107
20131218 9 107 2 106
20131218 30 113 3 107
20131218 20 107 17 101
20131218 18 120 25 109
20131218 7 105 15 91
20131218 27 108 24 101
20131218 11 109 5 94
20131218 13 108 19 95
20131219 21 107 5 95
20131219 27 104 10 102
20131220 23 121 3 120
20131220 1 118 29 85
20131220 6 114 17 111
20131220 4 116 9 106
20131220 16 122 26 103
20131220 12 114 11 81
20131220 28 109 7 108
20131220 24 103 8 99
20131220 14 104 18 91
20131221 15 95 20 87
20131221 30 106 2 99
20131221 29 88 4 85
20131221 26 105 22 100
20131221 11 114 9 97
20131221 5 100 6 84
20131221 17 116 23 106
20131221 21 113 27 100
20131221 24 123 7 108
20131221 25 110 19 107
20131221 10 102 14 83
20131221 13 112 8 91
20131222 12 106 2 79
20131222 28 104 21 98
20131222 13 120 18 116
20131223 4 111 17 110
20131223 9 115 6 92
20131223 20 103 22 98
20131223 12 103 3 86
20131223 16 121 1 119
20131223 7 111 11 104
20131223 15 104 29 94
20131223 27 112 28 99
20131223 10 89 8 81
20131223 24 117 14 90
20131223 19 113 26 100
20131225 5 95 3 78
20131225 21 123 20 94
20131225 16 101 14 95
20131225 11 111 27 98
20131225 10 105 13 103
20131226 1 127 6 125
20131226 11 100 15 92
20131226 27 116 7 107
20131226 25 116 13 112
20131227 21 89 4 85
20131227 22 109 9 92
20131227 3 104 17 93
20131227 28 95 20 83
20131227 18 120 30 98
20131227 19 105 8 89
20131227 29 105 14 103
20131227 26 108 16 103
20131227 10 115 24 86
20131228 2 103 6 100
20131228 12 105 3 91
20131228 28 115 20 100
20131228 30 106 9 82
20131228 1 118 4 116
20131228 7 105 5 83
20131228 11 107 19 98
20131228 15 120 8 99
20131228 18 117 17 95
20131228 24 115 23 101
20131228 16 108 25 107
20131228 13 98 29 90
20131229 10 108 6 104
20131229 22 109 1 102
20131229 21 117 11 86
20131229 27 112 26 104
20131229 23 111 14 104
20131230 30 106 9 99
20131230 5 95 15 91
20131230 7 100 18 98
20131230 19 110 25 108
20131230 16 97 8 94
20131230 29 83 4 80
20131230 24 107 13 88
20131231 1 92 2 91
20131231 12 91 6 76
20131231 10 94 22 81
20131231 28 85 5 79
20131231 26 110 11 106
20131231 27 113 3 92
20131231 25 98 21 94
20131231 17 94 14 79
20140101 7 87 30 78
20140101 28 95 12 82
20140101 18 124 19 112
20140101 23 114 8 102
20140101 13 112 4 85
20140102 6 87 22 81
20140102 10 123 16 114
20140102 5 94 2 82
20140102 3 95 21 93
20140102 20 105 27 101
20140102 15 99 24 91
20140102 29 96 17 87
20140102 25 134 4 104
20140102 23 113 26 104
20140103 28 101 30 88
20140103 10 101 1 100
20140103 19 95 2 92
20140103 11 102 20 100
20140103 13 119 7 112
20140103 8 111 15 108
20140103 14 110 29 99
20140104 12 99 19 82
20140104 16 110 22 94
20140104 3 89 6 82
20140104 5 91 1 84
20140104 21 115 18 111
20140104 27 116 13 92
20140104 24 116 17 100
20140104 23 101 25 99
20140104 4 113 26 103
20140105 15 112 9 84
20140105 12 82 6 78
20140105 16 102 28 97
20140105 10 112 30 96
20140105 21 119 2 96
20140105 20 92 7 80
20140105 8 137 14 115
20140106 18 126 23 95
20140106 3 91 1 86
20140106 13 101 22 81
20140107 30 97 4 83
20140107 6 111 23 93
20140107 12 86 28 79
20140107 16 107 19 88
20140107 20 89 9 85
20140107 5 92 24 87
20140107 27 110 15 108
20140107 10 101 17 80
20140107 7 110 14 97
20140107 8 129 2 98
20140107 29 112 21 101
20140107 26 123 25 119
20140108 27 112 7 90
20140108 28 112 9 91
20140108 1 97 12 87
20140108 3 102 10 98
20140108 24 104 18 103
20140108 30 102 19 96
20140108 11 113 14 99
20140108 25 110 22 94
20140108 13 111 2 105
20140109 20 102 16 92
20140109 8 101 21 88
20140110 12 93 30 66
20140110 9 114 23 104
20140110 1 83 11 80
20140110 3 104 16 95
20140110 15 104 24 99
20140110 18 119 4 92
20140110 7 107 19 90
20140110 5 81 17 72
20140110 6 113 29 102
20140110 26 103 22 83
20140110 10 99 2 97
20140110 13 123 14 87
20140111 28 96 3 80
20140111 11 114 30 107
20140111 9 110 24 108
20140111 20 102 23 92
20140111 5 103 4 97
20140111 21 101 17 85
20140111 7 110 19 107
20140111 8 120 22 94
20140111 25 112 2 104
20140112 15 108 1 101
20140112 26 124 6 80
20140112 27 104 18 86
20140113 28 116 17 94
20140113 11 104 2 92
20140113 20 98 24 96
20140113 30 102 5 88
20140113 27 101 19 95
20140113 7 107 22 88
20140113 29 118 8 103
20140114 4 108 20 98
20140114 12 116 26 92
20140114 15 90 21 87
20140114 6 120 14 118
20140115 5 128 22 125
20140115 23 95 4 92
20140115 30 114 16 97
20140115 2 88 28 83
20140115 15 82 17 77
20140115 26 111 18 108
20140115 11 103 19 100
20140115 27 109 29 105
20140115 24 121 14 114
20140115 25 108 6 96
20140115 8 123 10 116
20140115 13 129 7 127
20140116 3 127 1 110
20140116 12 117 20 89
20140116 21 104 11 92
20140117 13 109 20 95
20140117 4 111 22 101
20140117 16 101 23 86
20140117 28 94 18 89
20140117 30 96 5 93
20140117 14 107 2 104
20140117 29 110 9 89
20140117 15 91 26 90
20140117 25 109 27 100
20140117 6 117 8 109
20140117 7 110 24 107
20140117 21 127 10 121
20140118 16 104 4 96
20140118 12 106 13 92
20140118 9 104 30 98
20140118 5 103 23 78
20140118 11 114 17 104
20140118 18 98 29 72
20140118 10 97 19 87
20140118 25 127 7 111
20140119 14 112 28 106
20140119 22 93 2 91
20140119 21 108 26 93
20140119 27 110 17 82
20140119 24 117 8 103
20140120 7 102 6 97
20140120 13 112 9 103
20140120 4 100 28 95
20140120 30 107 23 99
20140120 3 103 20 80
20140120 19 95 15 92
20140120 1 121 16 114
20140120 5 102 14 100
20140120 11 126 25 113
20140120 12 102 10 94
20140121 3 101 22 90
20140121 16 93 2 86
20140121 26 114 19 97
20140121 21 105 25 97
20140121 18 112 29 97
20140122 4 95 13 91
20140122 5 98 6 87
20140122 1 112 22 109
20140122 28 93 7 85
20140122 2 113 30 111
20140122 23 110 20 106
20140122 11 119 26 98
20140122 17 104 9 101
20140122 24 124 12 100
20140122 21 111 27 105
20140123 16 109 14 102
20140123 25 110 8 105
20140124 22 114 14 105
20140124 28 104 23 95
20140124 27 105 1 79
20140124 21 101 2 83
20140124 3 107 7 106
20140124 6 93 17 78
20140124 19 103 9 101
20140124 20 125 4 96
20140124 13 112 5 95
20140124 15 88 11 87
20140124 30 101 24 95
20140124 12 116 26 111
20140124 18 121 10 120
20140125 5 89 4 87
20140125 13 126 28 118
20140125 21 103 23 91
20140125 15 99 11 81
20140125 1 112 17 87
20140125 8 109 12 96
20140125 29 104 30 101
20140125 25 115 18 104
20140126 16 113 27 101
20140126 20 110 14 103
20140126 24 99 6 90
20140126 19 100 22 92
20140126 3 85 2 79
20140126 7 116 9 106
20140126 10 103 25 88
20140126 8 125 26 117
20140127 24 124 23 113
20140127 28 104 3 103
20140127 18 95 5 86
20140127 13 114 17 86
20140127 21 111 1 109
20140127 29 106 26 99
20140128 19 100 6 89
20140128 9 103 22 87
20140128 20 114 2 88
20140128 11 97 27 90
20140128 15 98 25 81
20140128 30 88 10 85
20140128 12 104 14 92
20140129 21 112 16 95
20140129 28 98 22 83
20140129 23 95 2 94
20140129 24 126 17 117
20140129 18 88 19 77
20140129 11 117 7 115
20140129 4 101 8 98
20140129 5 96 27 86
20140129 15 99 26 89
20140129 13 110 30 103
20140130 24 102 12 94
20140130 20 117 6 86
20140130 10 111 13 92
20140131 22 113 17 102
20140131 1 125 23 99
20140131 21 120 3 95
20140131 15 94 18 90
20140131 7 107 26 103
20140131 28 100 8 90
20140131 4 110 14 100
20140131 10 95 29 90
20140201 12 97 3 96
20140201 30 96 21 81
20140201 1 120 18 113
20140201 9 113 23 96
20140201 11 106 6 92
20140201 15 99 17 90
20140201 19 88 5 79
20140201 16 106 20 91
20140201 27 95 26 93
20140201 24 105 4 95
20140201 25 106 28 103
20140201 13 102 29 87
20140202 2 96 22 89
20140203 12 98 22 79
20140203 30 100 25 90
20140203 3 108 23 102
20140203 16 102 9 96
20140203 17 101 20 98
20140203 27 102 19 95
20140203 21 86 15 77
20140203 7 124 6 107
20140203 8 116 13 115
20140203 28 94 29 79
20140203 26 99 5 70
20140204 12 89 1 85
20140204 18 109 14 99
20140204 5 101 24 92
20140204 4 91 10 75
20140205 14 119 6 108
20140205 2 114 23 108
20140205 27 125 30 118
20140205 25 94 20 90
20140205 11 122 24 108
20140205 7 110 15 96
20140205 19 105 1 100
20140205 21 106 18 97
20140205 22 112 9 98
20140205 8 110 17 100
20140205 26 109 28 101
20140205 16 116 13 112
20140206 3 103 27 89
20140206 10 102 5 87
20140207 12 118 25 113
20140207 22 103 21 102
20140207 14 112 23 98
20140207 6 115 30 113
20140207 2 99 26 89
20140207 9 111 3 95
20140207 20 117 8 90
20140207 7 103 29 81
20140207 19 98 18 91
20140207 13 118 28 105
20140208 27 104 4 100
20140208 15 79 1 76
20140208 9 126 8 109
20140208 25 117 18 110
20140208 11 101 17 95
20140208 24 122 10 109
20140208 29 94 16 89
20140209 21 112 20 100
20140209 5 92 14 86
20140209 7 102 2 91
20140209 3 93 19 81
20140209 6 91 15 83
20140209 22 93 12 92
20140209 30 93 26 84
20140209 13 123 23 78
20140210 12 119 8 80
20140210 28 108 19 101
20140210 9 109 27 100
20140210 2 102 17 86
20140210 11 107 18 89
20140210 10 123 23 80
20140211 4 114 7 89
20140211 6 109 26 99
20140211 5 100 1 85
20140211 15 92 30 89
20140211 16 103 24 97
20140211 21 98 25 95
20140211 29 96 14 79
20140212 7 81 12 73
20140212 15 86 22 81
20140212 28 104 1 83
20140212 27 104 2 92
20140212 3 105 4 89
20140212 6 93 9 89
20140212 26 106 20 101
20140212 11 113 30 112
20140212 19 102 17 98
20140212 18 117 8 90
20140212 29 105 23 100
20140212 16 111 10 110
20140212 13 122 25 117
20140213 5 92 3 76
20140213 21 107 14 103
20140218 12 108 1 98
20140218 6 114 23 85
20140218 28 103 30 93
20140218 4 108 9 96
20140218 15 98 20 93
20140218 17 104 22 100
20140218 16 117 7 106
20140218 24 112 8 107
20140218 27 113 13 103
20140219 4 116 9 98
20140219 6 101 22 93
20140219 5 94 28 92
20140219 30 114 1 97
20140219 18 104 12 91
20140219 20 98 19 91
20140219 24 100 2 94
20140219 3 105 29 99
20140219 27 111 25 109
20140219 10 101 26 92
20140219 11 134 14 108
20140220 8 101 17 90
20140220 16 103 21 81
20140220 10 102 11 99
20140221 4 90 19 87
20140221 22 129 20 121
20140221 7 124 23 112
20140221 28 98 6 91
20140221 9 115 1 107
20140221 5 117 8 89
20140221 15 102 13 96
20140221 24 106 27 85
20140221 25 102 29 94
20140221 14 101 2 92
20140222 4 92 15 89
20140222 30 94 19 93
20140222 1 107 20 98
20140222 7 113 9 102
20140222 12 110 17 100
20140222 18 121 29 104
20140222 26 105 2 98
20140222 10 93 3 86
20140223 13 125 21 117
20140223 16 93 5 79
20140223 30 96 6 83
20140223 28 105 22 90
20140223 26 109 8 95
20140223 11 115 24 112
20140223 3 108 14 102
20140223 25 108 18 97
20140224 17 130 23 110
20140224 10 104 9 96
20140224 7 110 20 108
20140224 13 123 19 110
20140224 29 110 2 98
20140225 28 99 6 93
20140225 12 118 14 98
20140225 30 115 22 106
20140225 5 107 1 103
20140225 25 100 8 95
20140225 18 110 24 101
20140225 11 129 26 103
20140226 22 101 23 90
20140226 2 115 1 104
20140226 5 103 10 83
20140226 7 108 19 89
20140226 15 108 14 103
20140226 6 114 21 104
20140226 27 120 9 110
20140226 29 109 24 86
20140226 25 124 3 80
20140226 13 101 11 93
20140227 12 101 17 96
20140227 30 134 28 129
20140227 16 108 20 82
20140227 3 112 8 89
20140228 6 99 29 79
20140228 10 126 20 103
20140228 21 113 15 107
20140228 5 100 7 91
20140228 27 92 4 82
20140228 14 126 26 122
20140228 24 116 19 104
20140301 16 112 22 98
20140301 30 122 23 103
20140301 12 102 2 97
20140301 11 118 9 110
20140301 3 107 17 98
20140301 15 110 6 96
20140301 25 102 8 96
20140301 18 108 26 97
20140301 13 108 19 76
20140302 5 109 20 90
20140302 28 104 10 98
20140302 12 94 29 91
20140302 22 92 23 81
20140302 21 116 4 99
20140302 27 112 7 106
20140302 24 129 1 120
20140303 15 110 30 104
20140303 3 96 5 80
20140303 9 96 20 85
20140303 16 124 4 107
20140303 17 114 29 88
20140303 18 132 8 128
20140303 14 107 25 106
20140303 26 96 19 89
20140304 27 122 6 101
20140304 10 98 12 96
20140304 11 106 16 103
20140304 21 125 23 92
20140304 13 104 24 96
20140304 19 132 14 125
20140305 4 109 12 87
20140305 11 101 22 89
20140305 30 104 29 91
20140305 10 108 2 88
20140305 3 103 15 94
20140305 5 105 9 94
20140305 26 116 17 102
20140305 20 118 18 106
20140305 8 115 7 110
20140305 25 102 1 78
20140306 27 111 16 87
20140306 24 128 21 122
20140306 13 142 14 94
20140307 4 101 6 92
20140307 15 85 5 77
20140307 28 99 26 87
20140307 2 91 3 84
20140307 20 108 29 81
20140307 18 114 9 101
20140307 19 112 17 104
20140307 7 103 25 98
20140307 8 134 14 126
20140307 11 112 12 86
20140307 10 111 1 97
20140308 20 107 6 97
20140308 29 104 23 92
20140308 15 111 4 89
20140308 30 114 17 107
20140308 27 121 22 112
20140308 13 109 1 108
20140309 5 95 16 88
20140309 14 114 21 110
20140309 2 118 9 111
20140309 3 104 26 89
20140309 19 111 8 107
20140309 11 118 25 113
20140309 28 111 18 104
20140309 7 105 12 94
20140309 10 113 24 107
20140310 4 105 8 98
20140310 3 101 28 97
20140310 16 99 30 90
20140310 20 123 23 110
20140310 17 105 22 98
20140310 1 112 29 110
20140310 13 112 24 105
20140311 12 94 2 83
20140311 9 99 26 89
20140311 27 104 5 96
20140311 15 109 25 99
20140311 18 112 17 101
20140311 21 106 11 98
20140311 10 108 7 85
20140312 3 96 16 95
20140312 8 120 22 112
20140312 26 115 23 98
20140312 28 101 9 87
20140312 4 98 30 85
20140312 20 116 2 92
20140312 15 90 19 88
20140312 7 108 29 101
20140312 27 103 25 90
20140312 6 110 24 101
20140312 13 111 10 98
20140313 5 111 11 87
20140313 1 102 17 97
20140313 21 131 14 102
20140314 4 105 18 93
20140314 30 105 22 101
20140314 12 101 23 94
20140314 28 99 15 86
20140314 24 87 2 80
20140314 8 111 16 107
20140314 25 111 19 103
20140314 27 119 14 85
20140314 13 96 29 87
20140314 6 103 10 94
20140315 20 115 17 94
20140315 30 101 3 94
20140315 1 97 8 92
20140315 12 112 9 104
20140315 15 103 23 77
20140315 5 94 26 87
20140316 4 101 17 92
20140316 24 121 28 113
20140316 16 113 11 104
20140316 19 121 2 120
20140316 18 104 26 102
20140316 7 109 21 86
20140316 27 122 29 104
20140316 10 113 25 112
20140316 13 102 6 80
20140317 1 97 4 83
20140317 12 99 23 90
20140317 3 108 24 95
20140317 21 97 5 85
20140317 11 124 29 86
20140317 7 94 2 89
20140317 8 110 13 100
20140318 16 100 6 96
20140318 1 118 28 113
20140318 25 120 17 115
20140318 26 117 30 111
20140318 10 103 22 89
20140319 5 102 23 94
20140319 2 101 16 96
20140319 3 104 4 99
20140319 15 96 29 86
20140319 28 107 19 100
20140319 20 92 12 86
20140319 18 123 7 122
20140319 8 118 9 109
20140319 24 109 22 93
20140319 27 125 14 109
20140320 21 102 6 95
20140320 11 129 18 106
20140320 25 116 30 103
20140320 10 115 17 110
20140321 12 91 5 79
20140321 20 93 23 92
20140321 21 119 28 118
20140321 19 111 1 105
20140321 3 114 2 98
20140321 16 91 15 86
20140321 7 122 8 106
20140321 24 98 9 92
20140321 27 99 26 79
20140321 30 117 14 107
20140322 4 124 25 94
20140322 11 118 6 111
20140322 5 91 23 81
20140322 15 82 12 71
20140322 19 105 16 95
20140322 29 89 22 88
20140322 27 99 10 90
20140322 13 112 9 103
20140323 28 96 1 86
20140323 24 127 18 120
20140323 8 105 30 102
20140323 26 124 17 107
20140323 3 107 7 104
20140323 6 106 20 100
20140323 14 103 22 94
20140324 11 100 4 89
20140324 24 102 1 95
20140324 16 93 25 91
20140324 5 89 12 77
20140324 15 109 18 92
20140324 19 109 3 104
20140324 21 117 8 96
20140324 27 113 23 91
20140324 9 114 29 94
20140324 13 106 17 98
20140325 6 102 28 100
20140325 22 95 25 85
20140325 7 128 21 119
20140325 14 127 20 96
20140326 4 116 3 111
20140326 24 99 30 93
20140326 28 99 2 90
20140326 6 97 9 96
20140326 12 84 16 83
20140326 18 107 1 83
20140326 19 98 13 96
20140326 27 108 8 103
20140326 20 107 26 99
20140326 15 91 29 87
20140327 25 100 1 85
20140327 11 120 23 98
20140327 17 108 14 105
20140327 13 109 7 103
20140328 22 110 4 105
20140328 28 105 2 103
20140328 30 91 12 78
20140328 3 108 6 97
20140328 16 110 9 78
20140328 25 91 5 74
20140328 18 143 14 107
20140328 19 102 29 95
20140328 21 94 26 81
20140328 27 133 8 102
20140328 24 112 20 88
20140328 10 100 15 93
20140329 23 123 9 98
20140329 13 118 11 107
20140329 30 101 1 97
20140329 7 103 26 100
20140329 16 88 17 67
20140329 27 96 19 80
20140330 6 90 12 76
20140330 21 116 29 96
20140330 3 114 18 99
20140330 28 98 22 93
20140330 5 107 2 102
20140330 20 89 10 84
20140330 25 105 15 98
20140330 14 115 24 99
20140331 4 100 30 94
20140331 27 103 12 77
20140331 1 103 23 95
20140331 9 116 17 111
20140331 16 93 28 83
20140331 5 94 2 80
20140331 13 114 18 104
20140331 26 102 19 97
20140331 15 94 8 92
20140331 20 92 29 83
20140401 3 105 11 96
20140401 10 122 7 120
20140401 25 124 14 112
20140402 12 101 9 94
20140402 20 110 3 81
20140402 6 119 22 98
20140402 4 123 23 93
20140402 28 107 11 103
20140402 30 118 2 92
20140402 5 105 1 92
20140402 16 96 17 77
20140402 18 102 15 88
20140402 27 111 10 90
20140402 8 137 19 107
20140402 13 112 24 108
20140402 26 107 14 102
20140403 21 106 27 94
20140403 7 113 13 107
20140404 4 91 22 80
20140404 15 100 8 92
20140404 28 102 12 94
20140404 1 117 6 98
20140404 23 111 2 102
20140404 3 116 9 104
20140404 18 122 16 121
20140404 30 90 20 89
20140404 5 102 17 90
20140404 29 100 19 96
20140404 11 111 21 107
20140404 24 109 25 93
20140404 10 102 26 69
20140404 7 107 14 95
20140405 22 100 18 92
20140405 5 96 30 78
20140405 4 96 6 94
20140405 9 115 2 111
20140405 3 105 23 101
20140405 28 102 17 98
20140406 16 102 20 91
20140406 13 120 14 97
20140406 1 107 12 88
20140406 7 93 26 91
20140406 11 130 8 125
20140406 27 112 15 92
20140406 10 130 29 102
20140406 24 122 21 115
20140406 25 100 19 94
20140408 3 88 16 87
20140408 7 95 29 83
20140408 21 107 26 92
20140408 11 145 14 130
20140408 18 110 27 91
20140408 9 102 1 95
20140409 6 122 9 100
20140409 22 115 3 111
20140409 28 125 23 114
20140409 4 94 30 88
20140409 1 105 2 97
20140409 15 107 16 102
20140409 12 104 17 102
20140409 5 102 18 87
20140409 24 94 19 88
20140409 8 123 11 116
20140409 25 100 26 99
20140409 21 107 13 101
20140410 27 109 7 100
20140410 8 100 10 99
20140411 30 96 22 86
20140411 20 108 28 100
20140411 2 106 4 103
20140411 1 93 3 88
20140411 16 98 12 86
20140411 5 106 9 98
20140411 15 117 23 95
20140411 18 112 11 110
20140411 21 116 19 94
20140411 17 119 6 116
20140411 27 112 24 104
20140411 25 111 29 99
20140411 10 112 14 95
20140412 13 117 26 101
20140412 4 111 23 105
20140412 30 104 17 91
20140412 1 98 16 85
20140412 2 111 6 99
20140412 11 111 19 104
20140412 7 101 24 98
20140412 8 101 29 94
20140413 20 100 5 89
20140413 28 116 9 107
20140413 3 97 22 88
20140413 12 102 21 97
20140413 25 119 10 117
20140413 26 106 18 103
20140413 15 102 14 90
20140414 23 113 2 108
20140414 28 110 17 100
20140414 30 114 16 93
20140414 4 95 1 93
20140414 5 108 22 95
20140414 11 104 27 98
20140414 19 101 21 89
20140414 14 119 29 104
20140414 15 97 24 91
20140414 10 130 18 120
20140415 20 109 3 98
20140415 13 117 8 105
20140416 30 118 2 102
20140416 4 91 5 86
20140416 6 114 3 85
20140416 15 106 7 105
20140416 23 100 16 87
20140416 1 111 17 103
20140416 29 136 18 130
20140416 19 105 11 100
20140416 20 95 28 92
20140416 21 112 9 111
20140416 12 101 22 86
20140416 14 113 27 100
20140416 10 116 8 112
20140416 25 110 13 104
20140416 24 104 26 99
20140419 3 94 28 87
20140419 10 109 13 105
20140419 1 101 12 93
20140419 21 100 15 86
20140420 27 90 7 85
20140420 16 99 4 88
20140420 30 102 5 93
20140420 25 122 11 120
20140421 15 111 21 105
20140421 13 138 10 98
20140422 12 101 1 85
20140422 28 100 3 95
20140422 30 101 5 99
20140423 16 101 4 97
20140423 7 113 27 92
20140423 25 112 11 105
20140424 1 98 12 85
20140424 15 98 21 95
20140424 13 98 10 96
20140425 3 102 28 98
20140425 5 100 30 97
20140425 11 121 25 116
20140426 12 91 1 88
20140426 7 109 27 108
20140426 16 98 4 85
20140426 21 92 15 89
20140427 30 98 5 89
20140427 10 118 13 97
20140427 28 87 3 79
20140427 25 123 11 120
20140428 16 109 4 98
20140428 1 107 12 97
20140428 27 93 7 89
20140429 30 75 5 69
20140429 15 100 21 99
20140429 13 113 10 103
20140430 11 108 25 98
20140430 27 109 7 103
20140430 28 115 3 113
20140501 12 95 1 88
20140501 10 100 13 99
20140501 21 104 15 84
20140502 3 97 28 83
20140502 7 113 27 111
20140502 25 99 11 98
20140503 12 92 1 80
20140503 21 120 15 109
20140503 13 126 10 121
20140504 3 104 28 103
20140504 27 119 7 96
20140505 30 102 12 96
20140505 13 122 21 105
20140506 16 107 3 86
20140506 27 116 25 92
20140507 12 86 30 82
20140507 21 112 13 101
20140508 16 94 3 82
20140508 27 114 25 97
20140509 12 85 30 63
20140509 21 118 13 112
20140510 3 104 16 90
20140510 27 118 25 103
20140511 13 101 21 99
20140511 12 95 30 92
20140512 16 102 3 96
20140512 25 103 27 92
20140513 30 102 12 79
20140513 21 105 13 104
20140514 16 96 3 94
20140514 27 104 25 82
20140515 12 93 30 80
20140515 21 104 13 98
20140518 12 107 16 96
20140519 27 122 21 105
20140520 16 87 12 83
20140521 27 112 21 77
20140524 16 99 12 87
20140525 21 106 27 97
20140526 16 102 12 90
20140527 21 105 27 92
20140528 12 93 16 90
20140529 27 117 21 89
20140530 16 117 12 92
20140531 27 112 21 107
20140605 27 110 16 95
20140608 16 98 27 96
20140610 27 111 16 92
20140612 27 107 16 86
20140615 27 104 16 87
