k = [1,2,3,4,5,10,15,20,25,50,75,100,150,200]
alpha = [5, 10, 25, 50, 75, 100, 200, 300]
gamma = [2,4,6,8,10,12,14,16]

dataPCA = [0.689024,0.689024,0.703048,0.721762,0.73131,0.744452,0.7525,0.756524,0.758976,0.760405,0.760571,0.7595,0.757262,0.754381;
0.911262,0.911262,0.91769,0.924024,0.925905,0.92831,0.928476,0.928095,0.926476,0.923524,0.919333,0.915333,0.911333,0.906881;
0.970476,0.970476,0.972262,0.974071,0.9745,0.974167,0.972714,0.970476,0.968738,0.965595,0.961667,0.957738,0.953214,0.949524;
0.973357,0.973357,0.974643,0.976214,0.976071,0.976095,0.975095,0.973167,0.971,0.967333,0.96319,0.959381,0.953929,0.948833;
0.972476,0.972476,0.973286,0.974405,0.975238,0.974595,0.973786,0.971357,0.969286,0.96569,0.96069,0.955786,0.9505,0.945333;
0.971405,0.971405,0.972452,0.97369,0.973905,0.973619,0.972048,0.97019,0.968119,0.964214,0.958786,0.953786,0.94819,0.94281;
0.969024,0.969024,0.969905,0.9715,0.972071,0.971143,0.969571,0.967667,0.965857,0.960952,0.955452,0.950238,0.944643,0.939;
0.968262,0.968262,0.96881,0.9705,0.970857,0.970286,0.968643,0.967143,0.964929,0.959619,0.954238,0.948881,0.943048,0.937214]

dataPLS = [0.391762,0.391762,0.406548,0.414381,0.422929,0.432762,0.443429,0.450619,0.456619,0.466024,0.472452,0.475738,0.477714,0.478976;
0.656833,0.656833,0.674095,0.693071,0.704095,0.718357,0.727667,0.733952,0.736833,0.740452,0.743024,0.743476,0.743405,0.742381;
0.821429,0.821429,0.836714,0.847976,0.853619,0.861071,0.865381,0.866429,0.866333,0.866071,0.864548,0.862833,0.861071,0.859024;
0.883238,0.883238,0.89219,0.900857,0.904214,0.907595,0.908952,0.908619,0.907929,0.906833,0.903643,0.900833,0.897619,0.894286;
0.923738,0.923738,0.929238,0.934452,0.93569,0.937119,0.937024,0.935786,0.9345,0.931714,0.928571,0.924952,0.921214,0.916929;
0.937262,0.937262,0.942238,0.946476,0.947762,0.948595,0.948024,0.946405,0.944595,0.941595,0.937619,0.934214,0.930024,0.926;
0.948143,0.948143,0.95181,0.955238,0.955881,0.956,0.954667,0.953667,0.951833,0.94819,0.944429,0.940476,0.936452,0.932524;
0.956095,0.956095,0.958929,0.961548,0.961452,0.962,0.960571,0.95931,0.957857,0.955119,0.950905,0.947405,0.943286,0.939024]